# //UNITED STATES GEOLOGICAL SURVEY       http://water.usgs.gov/
# //NATIONAL WATER INFORMATION SYSTEM     http://water.usgs.gov/data.html
# //DATA ARE PROVISIONAL AND SUBJECT TO CHANGE UNTIL PUBLISHED BY USGS
# //RETRIEVED: 2025-12-10 17:45:02
# //WARNING
# //WARNING The stage-discharge rating provided in this file should be
# //WARNING considered provisional and subject to change. Stage-discharge
# //WARNING ratings change over time as the channel features that control
# //WARNING the relation between stage and discharge vary. Users are
# //WARNING cautioned to consider carefully the applicability of this
# //WARNING rating before using it for decisions that concern personal or
# //WARNING public safety or operational consequences.
# //FILE TYPE="NWIS RATING" 
# //DATABASE NUMBER=01 DESCRIPTION=" Standard data base for this site."
# //STATION AGENCY="USGS " NUMBER="01421000       " TIME_ZONE="EST" DST_FLAG=N
# //STATION NAME="EAST BRANCH DELAWARE RIVER AT FISHS EDDY NY"
# //LABEL="Discharge (ft^3/s)"
# //PARAMETER CODE="00060"
# //RATING SHIFTED="20251210174502 EST"
# //RATING ID="8.0" TYPE="STGQ" NAME="stage-discharge" AGING=????
# //RATING REMARKS=""
# //RATING EXPANSION="logarithmic"
# //RATING OFFSET1=2.200000E+00
# //RATING_INDEP ROUNDING="????" PARAMETER="Gage height (ft)"
# //RATING_DEP ROUNDING="????" PARAMETER="Discharge (ft^3/s)"
# //RATING_DATETIME BEGIN=20250316153000 BZONE=-05:00 END=-------------- EZONE=--- AGING=1
# //SHIFT_PREV BEGIN="20251208113000" BZONE="-05:00" END="--------------" EZONE="---"
# //SHIFT_PREV STAGE1="3.60" SHIFT1="0.03" STAGE2="5.50" SHIFT2="0.03" STAGE3="8.00" SHIFT3="0.00"
# //SHIFT_PREV COMMENT="Qm 1365"
# //SHIFT_NEXT BEGIN="--------------" BZONE="---" END="--------------" EZONE="---"
# //SHIFT_NEXT STAGE1="---" SHIFT1="---" STAGE2="---" SHIFT2="---" STAGE3="---" SHIFT3="---"
# //SHIFT_NEXT COMMENT=" "
INDEP	SHIFT	DEP	STOR
16N	16N	16N	1S
2.74	0.03	50.74	
2.75	0.03	51.96	
2.76	0.03	53.19	*
2.77	0.03	54.42	
2.78	0.03	55.66	
2.79	0.03	56.91	
2.80	0.03	58.17	
2.81	0.03	59.43	
2.82	0.03	60.71	
2.83	0.03	61.98	
2.84	0.03	63.27	
2.85	0.03	64.56	
2.86	0.03	65.86	
2.87	0.03	67.17	
2.88	0.03	68.48	
2.89	0.03	69.80	
2.90	0.03	71.13	
2.91	0.03	72.46	
2.92	0.03	73.80	
2.93	0.03	75.15	
2.94	0.03	76.50	
2.95	0.03	77.86	
2.96	0.03	79.23	
2.97	0.03	80.60	
2.98	0.03	81.98	
2.99	0.03	83.36	
3.00	0.03	84.75	
3.01	0.03	86.15	
3.02	0.03	87.55	
3.03	0.03	88.96	
3.04	0.03	90.38	
3.05	0.03	91.80	
3.06	0.03	93.23	
3.07	0.03	94.66	
3.08	0.03	96.10	
3.09	0.03	97.54	
3.10	0.03	98.99	
3.11	0.03	100.45	
3.12	0.03	101.91	
3.13	0.03	103.38	
3.14	0.03	104.85	
3.15	0.03	106.33	
3.16	0.03	107.81	
3.17	0.03	109.30	
3.18	0.03	110.80	
3.19	0.03	112.30	
3.20	0.03	113.80	
3.21	0.03	115.32	
3.22	0.03	116.83	
3.23	0.03	118.35	
3.24	0.03	119.88	
3.25	0.03	121.41	
3.26	0.03	122.95	
3.27	0.03	124.49	
3.28	0.03	126.04	
3.29	0.03	127.59	
3.30	0.03	129.15	
3.31	0.03	130.71	
3.32	0.03	132.28	
3.33	0.03	133.85	
3.34	0.03	135.43	
3.35	0.03	137.01	
3.36	0.03	138.60	
3.37	0.03	140.19	
3.38	0.03	141.79	
3.39	0.03	143.39	
3.40	0.03	145.00	
3.41	0.03	146.78	
3.42	0.03	148.58	
3.43	0.03	150.38	*
3.44	0.03	152.18	
3.45	0.03	154.00	
3.46	0.03	155.82	
3.47	0.03	157.65	
3.48	0.03	159.48	
3.49	0.03	161.32	
3.50	0.03	163.17	
3.51	0.03	165.03	
3.52	0.03	166.89	
3.53	0.03	168.77	
3.54	0.03	170.64	
3.55	0.03	172.53	
3.56	0.03	174.42	
3.57	0.03	176.32	
3.58	0.03	178.23	
3.59	0.03	180.14	
3.60	0.03	182.06	
3.61	0.03	183.99	
3.62	0.03	185.92	
3.63	0.03	187.86	
3.64	0.03	189.81	
3.65	0.03	191.76	
3.66	0.03	193.72	
3.67	0.03	195.69	
3.68	0.03	197.66	
3.69	0.03	199.64	
3.70	0.03	201.63	
3.71	0.03	203.62	
3.72	0.03	205.63	
3.73	0.03	207.63	
3.74	0.03	209.65	
3.75	0.03	211.67	
3.76	0.03	213.69	
3.77	0.03	215.73	
3.78	0.03	217.77	
3.79	0.03	219.81	
3.80	0.03	221.87	
3.81	0.03	223.93	
3.82	0.03	225.99	
3.83	0.03	228.06	
3.84	0.03	230.14	
3.85	0.03	232.23	
3.86	0.03	234.32	
3.87	0.03	236.42	
3.88	0.03	238.52	
3.89	0.03	240.63	
3.90	0.03	242.75	
3.91	0.03	244.87	
3.92	0.03	247.00	
3.93	0.03	249.55	
3.94	0.03	252.11	
3.95	0.03	254.68	*
3.96	0.03	257.27	
3.97	0.03	259.86	
3.98	0.03	262.47	
3.99	0.03	265.09	
4.00	0.03	267.72	
4.01	0.03	270.37	
4.02	0.03	273.02	
4.03	0.03	275.68	
4.04	0.03	278.36	
4.05	0.03	281.05	
4.06	0.03	283.75	
4.07	0.03	286.46	
4.08	0.03	289.19	
4.09	0.03	291.92	
4.10	0.03	294.67	
4.11	0.03	297.42	
4.12	0.03	300.19	
4.13	0.03	302.97	
4.14	0.03	305.76	
4.15	0.03	308.57	
4.16	0.03	311.38	
4.17	0.03	314.21	
4.18	0.03	317.04	
4.19	0.03	319.89	
4.20	0.03	322.75	
4.21	0.03	325.62	
4.22	0.03	328.51	
4.23	0.03	331.40	
4.24	0.03	334.31	
4.25	0.03	337.22	
4.26	0.03	340.15	
4.27	0.03	343.09	
4.28	0.03	346.04	
4.29	0.03	349.00	
4.30	0.03	353.11	
4.31	0.03	357.24	
4.32	0.03	361.41	*
4.33	0.03	365.60	
4.34	0.03	369.82	
4.35	0.03	374.08	
4.36	0.03	378.36	
4.37	0.03	382.67	
4.38	0.03	387.01	
4.39	0.03	391.37	
4.40	0.03	395.77	
4.41	0.03	400.20	
4.42	0.03	404.66	
4.43	0.03	409.14	
4.44	0.03	413.66	
4.45	0.03	418.20	
4.46	0.03	422.78	
4.47	0.03	427.38	
4.48	0.03	432.02	
4.49	0.03	436.68	
4.50	0.03	441.38	
4.51	0.03	446.10	
4.52	0.03	450.86	
4.53	0.03	455.64	
4.54	0.03	460.46	
4.55	0.03	465.30	
4.56	0.03	470.18	
4.57	0.03	475.08	
4.58	0.03	480.02	
4.59	0.03	484.99	
4.60	0.03	489.99	
4.61	0.03	495.01	
4.62	0.03	500.07	
4.63	0.03	505.16	
4.64	0.03	510.29	
4.65	0.03	515.44	
4.66	0.03	520.62	
4.67	0.03	525.83	
4.68	0.03	531.08	
4.69	0.03	536.35	
4.70	0.03	541.66	
4.71	0.03	547.00	
4.72	0.03	552.52	
4.73	0.03	558.07	
4.74	0.03	563.66	*
4.75	0.03	569.28	
4.76	0.03	574.93	
4.77	0.03	580.62	
4.78	0.03	586.34	
4.79	0.03	592.09	
4.80	0.03	597.88	
4.81	0.03	603.71	
4.82	0.03	609.57	
4.83	0.03	615.46	
4.84	0.03	621.39	
4.85	0.03	627.35	
4.86	0.03	633.35	
4.87	0.03	639.38	
4.88	0.03	645.45	
4.89	0.03	651.55	
4.90	0.03	657.69	
4.91	0.03	663.86	
4.92	0.03	670.07	
4.93	0.03	676.31	
4.94	0.03	682.58	
4.95	0.03	688.90	
4.96	0.03	695.25	
4.97	0.03	701.63	
4.98	0.03	708.05	
4.99	0.03	714.50	
5.00	0.03	720.99	
5.01	0.03	727.52	
5.02	0.03	734.08	
5.03	0.03	740.68	
5.04	0.03	747.31	
5.05	0.03	753.98	
5.06	0.03	760.69	
5.07	0.03	767.43	
5.08	0.03	774.21	
5.09	0.03	781.02	
5.10	0.03	787.87	
5.11	0.03	794.76	
5.12	0.03	801.69	
5.13	0.03	808.65	
5.14	0.03	815.64	
5.15	0.03	822.68	
5.16	0.03	829.75	
5.17	0.03	836.86	
5.18	0.03	844.00	
5.19	0.03	852.97	
5.20	0.03	862.01	
5.21	0.03	871.12	*
5.22	0.03	880.29	
5.23	0.03	889.52	
5.24	0.03	898.82	
5.25	0.03	908.19	
5.26	0.03	917.63	
5.27	0.03	927.13	
5.28	0.03	936.70	
5.29	0.03	946.34	
5.30	0.03	956.04	
5.31	0.03	965.82	
5.32	0.03	975.66	
5.33	0.03	985.57	
5.34	0.03	995.55	
5.35	0.03	1005.60	
5.36	0.03	1015.72	
5.37	0.03	1025.90	
5.38	0.03	1036.16	
5.39	0.03	1046.49	
5.40	0.03	1056.89	
5.41	0.03	1067.35	
5.42	0.03	1077.89	
5.43	0.03	1088.51	
5.44	0.03	1099.19	
5.45	0.03	1109.94	
5.46	0.03	1120.77	
5.47	0.03	1131.67	
5.48	0.03	1142.64	
5.49	0.03	1153.68	
5.50	0.03	1164.80	
5.51	0.03	1175.85	
5.52	0.03	1186.98	
5.53	0.03	1198.18	
5.54	0.03	1209.45	
5.55	0.03	1221.39	
5.56	0.03	1233.44	
5.57	0.03	1245.58	*
5.58	0.03	1257.80	
5.59	0.03	1270.10	
5.60	0.03	1282.49	
5.61	0.03	1294.96	
5.62	0.03	1307.52	
5.63	0.03	1320.16	
5.64	0.03	1332.89	
5.65	0.03	1345.71	
5.66	0.03	1358.61	
5.67	0.03	1371.60	
5.68	0.03	1384.67	
5.69	0.03	1397.83	
5.70	0.03	1411.08	
5.71	0.03	1424.42	
5.72	0.03	1437.85	
5.73	0.03	1451.36	
5.74	0.03	1464.96	
5.75	0.03	1478.66	
5.76	0.03	1492.44	
5.77	0.03	1506.31	
5.78	0.03	1520.28	
5.79	0.03	1534.33	
5.80	0.03	1548.48	
5.81	0.03	1562.71	
5.82	0.03	1577.04	
5.83	0.03	1591.46	
5.84	0.03	1605.97	
5.85	0.03	1620.58	
5.86	0.03	1635.28	
5.87	0.03	1650.07	
5.88	0.03	1664.95	
5.89	0.03	1679.93	
5.90	0.03	1695.01	
5.91	0.03	1710.18	
5.92	0.02	1725.44	
5.93	0.02	1740.80	
5.94	0.02	1756.26	
5.95	0.02	1771.81	
5.96	0.02	1787.45	
5.97	0.02	1803.20	
5.98	0.02	1819.04	
5.99	0.02	1834.98	
6.00	0.02	1851.02	
6.01	0.02	1867.15	
6.02	0.02	1883.39	
6.03	0.02	1899.72	
6.04	0.02	1916.16	
6.05	0.02	1932.69	
6.06	0.02	1949.32	
6.07	0.02	1966.05	
6.08	0.02	1982.89	
6.09	0.02	1999.82	
6.10	0.02	2016.85	
6.11	0.02	2033.99	
6.12	0.02	2051.23	
6.13	0.02	2068.57	
6.14	0.02	2086.02	
6.15	0.02	2103.57	
6.16	0.02	2121.22	
6.17	0.02	2138.97	
6.18	0.02	2156.83	
6.19	0.02	2174.79	
6.20	0.02	2192.86	
6.21	0.02	2211.04	
6.22	0.02	2229.32	
6.23	0.02	2247.70	
6.24	0.02	2266.19	
6.25	0.02	2284.79	
6.26	0.02	2303.50	
6.27	0.02	2322.31	
6.28	0.02	2341.06	
6.29	0.02	2357.53	
6.30	0.02	2374.08	*
6.31	0.02	2390.70	
6.32	0.02	2407.40	
6.33	0.02	2424.18	
6.34	0.02	2441.03	
6.35	0.02	2457.96	
6.36	0.02	2474.96	
6.37	0.02	2492.04	
6.38	0.02	2509.20	
6.39	0.02	2526.44	
6.40	0.02	2543.76	
6.41	0.02	2561.15	
6.42	0.02	2578.62	
6.43	0.02	2596.17	
6.44	0.02	2613.79	
6.45	0.02	2631.50	
6.46	0.02	2649.28	
6.47	0.02	2667.14	
6.48	0.02	2685.08	
6.49	0.02	2703.10	
6.50	0.02	2721.20	
6.51	0.02	2739.38	
6.52	0.02	2757.64	
6.53	0.02	2775.98	
6.54	0.02	2794.40	
6.55	0.02	2812.90	
6.56	0.02	2831.47	
6.57	0.02	2850.13	
6.58	0.02	2868.87	
6.59	0.02	2887.69	
6.60	0.02	2906.59	
6.61	0.02	2925.58	
6.62	0.02	2944.64	
6.63	0.02	2963.78	
6.64	0.02	2983.01	
6.65	0.02	3002.32	
6.66	0.02	3021.71	
6.67	0.02	3041.18	
6.68	0.02	3060.74	
6.69	0.02	3080.37	
6.70	0.02	3100.09	
6.71	0.02	3119.89	
6.72	0.02	3139.78	
6.73	0.02	3159.75	
6.74	0.02	3179.80	
6.75	0.01	3199.93	
6.76	0.01	3220.15	
6.77	0.01	3240.45	
6.78	0.01	3260.84	
6.79	0.01	3281.31	
6.80	0.01	3301.86	
6.81	0.01	3322.50	
6.82	0.01	3343.22	
6.83	0.01	3364.03	
6.84	0.01	3384.92	
6.85	0.01	3405.90	
6.86	0.01	3426.96	
6.87	0.01	3448.11	
6.88	0.01	3469.34	
6.89	0.01	3490.66	
6.90	0.01	3512.07	
6.91	0.01	3533.56	
6.92	0.01	3555.13	
6.93	0.01	3576.80	
6.94	0.01	3598.55	
6.95	0.01	3620.39	
6.96	0.01	3642.31	
6.97	0.01	3664.32	
6.98	0.01	3686.42	
6.99	0.01	3708.60	
7.00	0.01	3730.87	
7.01	0.01	3753.24	
7.02	0.01	3775.68	
7.03	0.01	3798.22	
7.04	0.01	3820.84	
7.05	0.01	3843.56	
7.06	0.01	3866.36	
7.07	0.01	3889.25	
7.08	0.01	3912.23	
7.09	0.01	3935.29	
7.10	0.01	3958.45	
7.11	0.01	3981.70	
7.12	0.01	4005.03	
7.13	0.01	4028.46	
7.14	0.01	4051.97	
7.15	0.01	4075.58	
7.16	0.01	4099.27	
7.17	0.01	4123.06	
7.18	0.01	4146.93	
7.19	0.01	4170.90	
7.20	0.01	4194.96	
7.21	0.01	4219.10	
7.22	0.01	4243.34	
7.23	0.01	4267.67	
7.24	0.01	4292.10	
7.25	0.01	4316.61	
7.26	0.01	4341.21	
7.27	0.01	4365.91	
7.28	0.01	4390.70	
7.29	0.01	4415.58	
7.30	0.01	4440.56	
7.31	0.01	4465.62	
7.32	0.01	4490.78	
7.33	0.01	4516.03	
7.34	0.01	4541.38	
7.35	0.01	4566.82	
7.36	0.01	4592.35	
7.37	0.01	4617.98	
7.38	0.01	4643.70	
7.39	0.01	4669.51	
7.40	0.01	4695.42	
7.41	0.01	4721.42	
7.42	0.01	4747.51	
7.43	0.01	4773.70	
7.44	0.01	4799.99	
7.45	0.01	4826.37	
7.46	0.01	4852.84	
7.47	0.01	4879.41	
7.48	0.01	4906.08	
7.49	0.01	4932.84	
7.50	0.01	4959.70	
7.51	0.01	4986.65	
7.52	0.01	5013.70	
7.53	0.01	5040.84	
7.54	0.01	5068.08	
7.55	0.01	5095.42	
7.56	0.01	5122.86	
7.57	0.01	5150.39	
7.58	0.01	5178.02	
7.59	0.00	5205.74	
7.60	0.00	5233.56	
7.61	0.00	5261.48	
7.62	0.00	5289.50	
7.63	0.00	5317.62	
7.64	0.00	5345.83	
7.65	0.00	5374.14	
7.66	0.00	5402.55	
7.67	0.00	5431.06	
7.68	0.00	5459.67	
7.69	0.00	5488.37	
7.70	0.00	5517.18	
7.71	0.00	5546.08	
7.72	0.00	5575.08	
7.73	0.00	5604.19	
7.74	0.00	5633.39	
7.75	0.00	5662.69	
7.76	0.00	5692.09	
7.77	0.00	5721.59	
7.78	0.00	5751.20	
7.79	0.00	5780.90	
7.80	0.00	5810.70	
7.81	0.00	5840.61	
7.82	0.00	5870.61	
7.83	0.00	5900.72	
7.84	0.00	5930.92	
7.85	0.00	5961.23	
7.86	0.00	5991.64	
7.87	0.00	6022.15	
7.88	0.00	6052.77	
7.89	0.00	6083.48	
7.90	0.00	6114.30	
7.91	0.00	6145.22	
7.92	0.00	6176.24	
7.93	0.00	6207.37	
7.94	0.00	6238.60	
7.95	0.00	6269.93	
7.96	0.00	6301.36	
7.97	0.00	6332.90	
7.98	0.00	6364.54	
7.99	0.00	6396.28	
8.00	0.00	6428.13	
8.01	0.00	6460.47	
8.02	0.00	6492.92	
8.03	0.00	6525.48	
8.04	0.00	6558.14	
8.05	0.00	6590.91	
8.06	0.00	6623.78	
8.07	0.00	6656.77	
8.08	0.00	6689.86	
8.09	0.00	6723.06	
8.10	0.00	6756.37	
8.11	0.00	6789.78	
8.12	0.00	6823.30	
8.13	0.00	6856.94	
8.14	0.00	6890.68	
8.15	0.00	6924.53	
8.16	0.00	6958.49	
8.17	0.00	6992.55	
8.18	0.00	7026.73	
8.19	0.00	7061.02	
8.20	0.00	7095.42	
8.21	0.00	7129.92	
8.22	0.00	7164.54	
8.23	0.00	7199.27	
8.24	0.00	7234.10	
8.25	0.00	7269.05	
8.26	0.00	7304.11	
8.27	0.00	7339.28	
8.28	0.00	7374.56	
8.29	0.00	7409.95	
8.30	0.00	7445.45	
8.31	0.00	7481.07	
8.32	0.00	7516.79	
8.33	0.00	7552.63	
8.34	0.00	7588.58	
8.35	0.00	7624.64	
8.36	0.00	7660.82	
8.37	0.00	7697.10	
8.38	0.00	7733.50	
8.39	0.00	7770.02	
8.40	0.00	7806.64	
8.41	0.00	7843.38	
8.42	0.00	7880.23	
8.43	0.00	7917.20	
8.44	0.00	7954.28	
8.45	0.00	7991.47	
8.46	0.00	8028.78	
8.47	0.00	8066.20	
8.48	0.00	8103.74	
8.49	0.00	8141.39	
8.50	0.00	8179.15	
8.51	0.00	8217.03	
8.52	0.00	8255.03	
8.53	0.00	8293.14	
8.54	0.00	8331.36	
8.55	0.00	8369.70	
8.56	0.00	8408.16	
8.57	0.00	8446.73	
8.58	0.00	8485.42	
8.59	0.00	8524.23	
8.60	0.00	8563.15	
8.61	0.00	8602.19	
8.62	0.00	8641.34	
8.63	0.00	8680.61	
8.64	0.00	8720.00	*
8.65	0.00	8752.15	
8.66	0.00	8784.37	
8.67	0.00	8816.65	
8.68	0.00	8849.01	
8.69	0.00	8881.43	
8.70	0.00	8913.92	
8.71	0.00	8946.48	
8.72	0.00	8979.11	
8.73	0.00	9011.81	
8.74	0.00	9044.57	
8.75	0.00	9077.41	
8.76	0.00	9110.31	
8.77	0.00	9143.28	
8.78	0.00	9176.33	
8.79	0.00	9209.44	
8.80	0.00	9242.62	
8.81	0.00	9275.86	
8.82	0.00	9309.18	
8.83	0.00	9342.57	
8.84	0.00	9376.02	
8.85	0.00	9409.55	
8.86	0.00	9443.14	
8.87	0.00	9476.81	
8.88	0.00	9510.54	
8.89	0.00	9544.34	
8.90	0.00	9578.21	
8.91	0.00	9612.16	
8.92	0.00	9646.17	
8.93	0.00	9680.25	
8.94	0.00	9714.40	
8.95	0.00	9748.61	
8.96	0.00	9782.90	
8.97	0.00	9817.26	
8.98	0.00	9851.69	
8.99	0.00	9886.19	
9.00	0.00	9920.76	
9.01	0.00	9955.39	
9.02	0.00	9990.10	
9.03	0.00	10024.88	
9.04	0.00	10059.72	
9.05	0.00	10094.64	
9.06	0.00	10129.63	
9.07	0.00	10164.69	
9.08	0.00	10199.81	
9.09	0.00	10235.01	
9.10	0.00	10270.28	
9.11	0.00	10305.61	
9.12	0.00	10341.02	
9.13	0.00	10376.50	
9.14	0.00	10412.05	
9.15	0.00	10447.67	
9.16	0.00	10483.36	
9.17	0.00	10519.12	
9.18	0.00	10554.95	
9.19	0.00	10590.85	
9.20	0.00	10626.82	
9.21	0.00	10662.86	
9.22	0.00	10698.97	
9.23	0.00	10735.15	
9.24	0.00	10771.41	
9.25	0.00	10807.73	
9.26	0.00	10844.12	
9.27	0.00	10880.59	
9.28	0.00	10917.13	
9.29	0.00	10953.73	
9.30	0.00	10990.41	
9.31	0.00	11027.16	
9.32	0.00	11063.98	
9.33	0.00	11100.87	
9.34	0.00	11137.83	
9.35	0.00	11174.87	
9.36	0.00	11211.97	
9.37	0.00	11249.15	
9.38	0.00	11286.39	
9.39	0.00	11323.71	
9.40	0.00	11361.10	
9.41	0.00	11398.56	
9.42	0.00	11436.09	
9.43	0.00	11473.70	
9.44	0.00	11511.37	
9.45	0.00	11549.12	
9.46	0.00	11586.93	
9.47	0.00	11624.82	
9.48	0.00	11662.78	
9.49	0.00	11700.82	
9.50	0.00	11738.92	
9.51	0.00	11777.10	
9.52	0.00	11815.34	
9.53	0.00	11853.66	
9.54	0.00	11892.05	
9.55	0.00	11930.51	
9.56	0.00	11969.05	
9.57	0.00	12007.66	
9.58	0.00	12046.33	
9.59	0.00	12085.08	
9.60	0.00	12123.91	
9.61	0.00	12162.80	
9.62	0.00	12201.77	
9.63	0.00	12240.80	
9.64	0.00	12279.91	
9.65	0.00	12319.10	
9.66	0.00	12358.35	
9.67	0.00	12397.68	
9.68	0.00	12437.08	
9.69	0.00	12476.55	
9.70	0.00	12516.09	
9.71	0.00	12555.71	
9.72	0.00	12595.40	
9.73	0.00	12635.16	
9.74	0.00	12675.00	
9.75	0.00	12714.90	
9.76	0.00	12754.88	
9.77	0.00	12794.93	
9.78	0.00	12835.06	
9.79	0.00	12875.25	
9.80	0.00	12915.52	
9.81	0.00	12955.87	
9.82	0.00	12996.28	
9.83	0.00	13036.77	
9.84	0.00	13077.33	
9.85	0.00	13117.96	
9.86	0.00	13158.67	
9.87	0.00	13199.45	
9.88	0.00	13240.30	
9.89	0.00	13281.23	
9.90	0.00	13322.23	
9.91	0.00	13363.30	
9.92	0.00	13404.44	
9.93	0.00	13445.66	
9.94	0.00	13486.95	
9.95	0.00	13528.32	
9.96	0.00	13569.76	
9.97	0.00	13611.27	
9.98	0.00	13652.85	
9.99	0.00	13694.51	
10.00	0.00	13736.24	
10.01	0.00	13778.05	
10.02	0.00	13819.92	
10.03	0.00	13861.88	
10.04	0.00	13903.90	
10.05	0.00	13946.00	
10.06	0.00	13988.17	
10.07	0.00	14030.42	
10.08	0.00	14072.74	
10.09	0.00	14115.13	
10.10	0.00	14157.60	
10.11	0.00	14200.14	
10.12	0.00	14242.76	
10.13	0.00	14285.45	
10.14	0.00	14328.21	
10.15	0.00	14371.05	
10.16	0.00	14413.96	
10.17	0.00	14456.94	
10.18	0.00	14500.00	*
10.19	0.00	14539.40	
10.20	0.00	14578.86	
10.21	0.00	14618.37	
10.22	0.00	14657.94	
10.23	0.00	14697.57	
10.24	0.00	14737.26	
10.25	0.00	14777.01	
10.26	0.00	14816.81	
10.27	0.00	14856.67	
10.28	0.00	14896.59	
10.29	0.00	14936.57	
10.30	0.00	14976.60	
10.31	0.00	15016.69	
10.32	0.00	15056.84	
10.33	0.00	15097.05	
10.34	0.00	15137.31	
10.35	0.00	15177.64	
10.36	0.00	15218.02	
10.37	0.00	15258.45	
10.38	0.00	15298.95	
10.39	0.00	15339.50	
10.40	0.00	15380.11	
10.41	0.00	15420.78	
10.42	0.00	15461.51	
10.43	0.00	15502.30	
10.44	0.00	15543.14	
10.45	0.00	15584.04	
10.46	0.00	15625.00	
10.47	0.00	15666.01	
10.48	0.00	15707.09	
10.49	0.00	15748.22	
10.50	0.00	15789.41	
10.51	0.00	15830.66	
10.52	0.00	15871.97	
10.53	0.00	15913.33	
10.54	0.00	15954.75	
10.55	0.00	15996.23	
10.56	0.00	16037.77	
10.57	0.00	16079.37	
10.58	0.00	16121.02	
10.59	0.00	16162.73	
10.60	0.00	16204.50	
10.61	0.00	16246.33	
10.62	0.00	16288.22	
10.63	0.00	16330.16	
10.64	0.00	16372.16	
10.65	0.00	16414.22	
10.66	0.00	16456.34	
10.67	0.00	16498.52	
10.68	0.00	16540.75	
10.69	0.00	16583.05	
10.70	0.00	16625.40	
10.71	0.00	16667.81	
10.72	0.00	16710.28	
10.73	0.00	16752.80	
10.74	0.00	16795.39	
10.75	0.00	16838.03	
10.76	0.00	16880.73	
10.77	0.00	16923.49	
10.78	0.00	16966.30	
10.79	0.00	17009.18	
10.80	0.00	17052.11	
10.81	0.00	17095.10	
10.82	0.00	17138.15	
10.83	0.00	17181.26	
10.84	0.00	17224.43	
10.85	0.00	17267.65	
10.86	0.00	17310.94	
10.87	0.00	17354.28	
10.88	0.00	17397.68	
10.89	0.00	17441.14	
10.90	0.00	17484.66	
10.91	0.00	17528.23	
10.92	0.00	17571.86	
10.93	0.00	17615.56	
10.94	0.00	17659.31	
10.95	0.00	17703.12	
10.96	0.00	17746.98	
10.97	0.00	17790.91	
10.98	0.00	17834.89	
10.99	0.00	17878.94	
11.00	0.00	17923.04	
11.01	0.00	17967.20	
11.02	0.00	18011.42	
11.03	0.00	18055.69	
11.04	0.00	18100.03	
11.05	0.00	18144.42	
11.06	0.00	18188.88	
11.07	0.00	18233.39	
11.08	0.00	18277.96	
11.09	0.00	18322.59	
11.10	0.00	18367.27	
11.11	0.00	18412.02	
11.12	0.00	18456.82	
11.13	0.00	18501.69	
11.14	0.00	18546.61	
11.15	0.00	18591.59	
11.16	0.00	18636.63	
11.17	0.00	18681.72	
11.18	0.00	18726.88	
11.19	0.00	18772.10	
11.20	0.00	18817.37	
11.21	0.00	18862.70	
11.22	0.00	18908.09	
11.23	0.00	18953.54	
11.24	0.00	18999.05	
11.25	0.00	19044.62	
11.26	0.00	19090.25	
11.27	0.00	19135.93	
11.28	0.00	19181.67	
11.29	0.00	19227.48	
11.30	0.00	19273.34	
11.31	0.00	19319.26	
11.32	0.00	19365.24	
11.33	0.00	19411.28	
11.34	0.00	19457.37	
11.35	0.00	19503.53	
11.36	0.00	19549.74	
11.37	0.00	19596.02	
11.38	0.00	19642.35	
11.39	0.00	19688.74	
11.40	0.00	19735.19	
11.41	0.00	19781.70	
11.42	0.00	19828.27	
11.43	0.00	19874.90	
11.44	0.00	19921.58	
11.45	0.00	19968.33	
11.46	0.00	20015.13	
11.47	0.00	20062.00	
11.48	0.00	20108.92	
11.49	0.00	20155.90	
11.50	0.00	20202.94	
11.51	0.00	20250.04	
11.52	0.00	20297.20	
11.53	0.00	20344.41	
11.54	0.00	20391.69	
11.55	0.00	20439.03	
11.56	0.00	20486.42	
11.57	0.00	20533.88	
11.58	0.00	20581.39	
11.59	0.00	20628.96	
11.60	0.00	20676.59	
11.61	0.00	20724.28	
11.62	0.00	20772.03	
11.63	0.00	20819.84	
11.64	0.00	20867.71	
11.65	0.00	20915.64	
11.66	0.00	20963.62	
11.67	0.00	21011.67	
11.68	0.00	21059.77	
11.69	0.00	21107.94	
11.70	0.00	21156.16	
11.71	0.00	21204.44	
11.72	0.00	21252.79	
11.73	0.00	21301.19	
11.74	0.00	21349.65	
11.75	0.00	21398.17	
11.76	0.00	21446.75	
11.77	0.00	21495.39	
11.78	0.00	21544.08	
11.79	0.00	21592.84	
11.80	0.00	21641.66	
11.81	0.00	21690.53	
11.82	0.00	21739.47	
11.83	0.00	21788.46	
11.84	0.00	21837.52	
11.85	0.00	21886.63	
11.86	0.00	21935.80	
11.87	0.00	21985.04	
11.88	0.00	22034.33	
11.89	0.00	22083.68	
11.90	0.00	22133.09	
11.91	0.00	22182.56	
11.92	0.00	22232.09	
11.93	0.00	22281.68	
11.94	0.00	22331.33	
11.95	0.00	22381.03	
11.96	0.00	22430.80	
11.97	0.00	22480.63	
11.98	0.00	22530.52	
11.99	0.00	22580.46	
12.00	0.00	22630.47	
12.01	0.00	22680.53	
12.02	0.00	22730.66	
12.03	0.00	22780.84	
12.04	0.00	22831.09	
12.05	0.00	22881.39	
12.06	0.00	22931.75	
12.07	0.00	22982.18	
12.08	0.00	23032.66	
12.09	0.00	23083.20	
12.10	0.00	23133.80	
12.11	0.00	23184.47	
12.12	0.00	23235.19	
12.13	0.00	23285.97	
12.14	0.00	23336.81	
12.15	0.00	23387.71	
12.16	0.00	23438.67	
12.17	0.00	23489.69	
12.18	0.00	23540.77	
12.19	0.00	23591.91	
12.20	0.00	23643.11	
12.21	0.00	23694.37	
12.22	0.00	23745.69	
12.23	0.00	23797.06	
12.24	0.00	23848.50	
12.25	0.00	23900.00	*
12.26	0.00	23933.60	
12.27	0.00	23967.21	
12.28	0.00	24000.83	
12.29	0.00	24034.47	
12.30	0.00	24068.13	
12.31	0.00	24101.79	
12.32	0.00	24135.47	
12.33	0.00	24169.17	
12.34	0.00	24202.88	
12.35	0.00	24236.60	
12.36	0.00	24270.33	
12.37	0.00	24304.08	
12.38	0.00	24337.84	
12.39	0.00	24371.62	
12.40	0.00	24405.41	
12.41	0.00	24439.21	
12.42	0.00	24473.03	
12.43	0.00	24506.86	
12.44	0.00	24540.71	
12.45	0.00	24574.56	
12.46	0.00	24608.44	
12.47	0.00	24642.32	
12.48	0.00	24676.22	
12.49	0.00	24710.13	
12.50	0.00	24744.06	
12.51	0.00	24778.00	
12.52	0.00	24811.95	
12.53	0.00	24845.92	
12.54	0.00	24879.90	
12.55	0.00	24913.89	
12.56	0.00	24947.90	
12.57	0.00	24981.92	
12.58	0.00	25015.96	
12.59	0.00	25050.01	
12.60	0.00	25084.07	
12.61	0.00	25118.14	
12.62	0.00	25152.23	
12.63	0.00	25186.33	
12.64	0.00	25220.45	
12.65	0.00	25254.58	
12.66	0.00	25288.72	
12.67	0.00	25322.88	
12.68	0.00	25357.05	
12.69	0.00	25391.23	
12.70	0.00	25425.43	
12.71	0.00	25459.64	
12.72	0.00	25493.86	
12.73	0.00	25528.10	
12.74	0.00	25562.35	
12.75	0.00	25596.61	
12.76	0.00	25630.89	
12.77	0.00	25665.18	
12.78	0.00	25699.48	
12.79	0.00	25733.80	
12.80	0.00	25768.13	
12.81	0.00	25802.48	
12.82	0.00	25836.83	
12.83	0.00	25871.20	
12.84	0.00	25905.59	
12.85	0.00	25939.99	
12.86	0.00	25974.40	
12.87	0.00	26008.82	
12.88	0.00	26043.26	
12.89	0.00	26077.71	
12.90	0.00	26112.17	
12.91	0.00	26146.65	
12.92	0.00	26181.14	
12.93	0.00	26215.64	
12.94	0.00	26250.16	
12.95	0.00	26284.69	
12.96	0.00	26319.23	
12.97	0.00	26353.79	
12.98	0.00	26388.36	
12.99	0.00	26422.95	
13.00	0.00	26457.54	
13.01	0.00	26492.15	
13.02	0.00	26526.77	
13.03	0.00	26561.41	
13.04	0.00	26596.06	
13.05	0.00	26630.72	
13.06	0.00	26665.40	
13.07	0.00	26700.09	
13.08	0.00	26734.79	
13.09	0.00	26769.50	
13.10	0.00	26804.23	
13.11	0.00	26838.97	
13.12	0.00	26873.73	
13.13	0.00	26908.50	
13.14	0.00	26943.28	
13.15	0.00	26978.07	
13.16	0.00	27012.88	
13.17	0.00	27047.70	
13.18	0.00	27082.53	
13.19	0.00	27117.38	
13.20	0.00	27152.24	
13.21	0.00	27187.11	
13.22	0.00	27222.00	
13.23	0.00	27256.89	
13.24	0.00	27291.81	
13.25	0.00	27326.73	
13.26	0.00	27361.67	
13.27	0.00	27396.62	
13.28	0.00	27431.58	
13.29	0.00	27466.56	
13.30	0.00	27501.55	
13.31	0.00	27536.55	
13.32	0.00	27571.57	
13.33	0.00	27606.60	
13.34	0.00	27641.64	
13.35	0.00	27676.69	
13.36	0.00	27711.76	
13.37	0.00	27746.84	
13.38	0.00	27781.94	
13.39	0.00	27817.04	
13.40	0.00	27852.16	
13.41	0.00	27887.30	
13.42	0.00	27922.44	
13.43	0.00	27957.60	
13.44	0.00	27992.77	
13.45	0.00	28027.96	
13.46	0.00	28063.15	
13.47	0.00	28098.36	
13.48	0.00	28133.59	
13.49	0.00	28168.82	
13.50	0.00	28204.07	
13.51	0.00	28239.33	
13.52	0.00	28274.61	
13.53	0.00	28309.89	
13.54	0.00	28345.19	
13.55	0.00	28380.51	
13.56	0.00	28415.83	
13.57	0.00	28451.17	
13.58	0.00	28486.52	
13.59	0.00	28521.89	
13.60	0.00	28557.26	
13.61	0.00	28592.65	
13.62	0.00	28628.06	
13.63	0.00	28663.47	
13.64	0.00	28698.90	
13.65	0.00	28734.34	
13.66	0.00	28769.80	
13.67	0.00	28805.26	
13.68	0.00	28840.74	
13.69	0.00	28876.23	
13.70	0.00	28911.74	
13.71	0.00	28947.26	
13.72	0.00	28982.79	
13.73	0.00	29018.33	
13.74	0.00	29053.89	
13.75	0.00	29089.45	
13.76	0.00	29125.04	
13.77	0.00	29160.63	
13.78	0.00	29196.24	
13.79	0.00	29231.86	
13.80	0.00	29267.49	
13.81	0.00	29303.13	
13.82	0.00	29338.79	
13.83	0.00	29374.46	
13.84	0.00	29410.14	
13.85	0.00	29445.84	
13.86	0.00	29481.54	
13.87	0.00	29517.27	
13.88	0.00	29553.00	
13.89	0.00	29588.74	
13.90	0.00	29624.50	
13.91	0.00	29660.27	
13.92	0.00	29696.06	
13.93	0.00	29731.85	
13.94	0.00	29767.66	
13.95	0.00	29803.48	
13.96	0.00	29839.32	
13.97	0.00	29875.16	
13.98	0.00	29911.02	
13.99	0.00	29946.89	
14.00	0.00	29982.78	
14.01	0.00	30018.68	
14.02	0.00	30054.58	
14.03	0.00	30090.51	
14.04	0.00	30126.44	
14.05	0.00	30162.39	
14.06	0.00	30198.35	
14.07	0.00	30234.32	
14.08	0.00	30270.30	
14.09	0.00	30306.30	
14.10	0.00	30342.31	
14.11	0.00	30378.33	
14.12	0.00	30414.37	
14.13	0.00	30450.41	
14.14	0.00	30486.47	
14.15	0.00	30522.54	
14.16	0.00	30558.63	
14.17	0.00	30594.72	
14.18	0.00	30630.83	
14.19	0.00	30666.96	
14.20	0.00	30703.09	
14.21	0.00	30739.24	
14.22	0.00	30775.39	
14.23	0.00	30811.57	
14.24	0.00	30847.75	
14.25	0.00	30883.95	
14.26	0.00	30920.15	
14.27	0.00	30956.37	
14.28	0.00	30992.61	
14.29	0.00	31028.85	
14.30	0.00	31065.11	
14.31	0.00	31101.38	
14.32	0.00	31137.66	
14.33	0.00	31173.96	
14.34	0.00	31210.27	
14.35	0.00	31246.59	
14.36	0.00	31282.92	
14.37	0.00	31319.26	
14.38	0.00	31355.62	
14.39	0.00	31391.99	
14.40	0.00	31428.37	
14.41	0.00	31464.76	
14.42	0.00	31501.17	
14.43	0.00	31537.59	
14.44	0.00	31574.02	
14.45	0.00	31610.46	
14.46	0.00	31646.92	
14.47	0.00	31683.38	
14.48	0.00	31719.86	
14.49	0.00	31756.35	
14.50	0.00	31792.86	
14.51	0.00	31829.37	
14.52	0.00	31865.90	
14.53	0.00	31902.44	
14.54	0.00	31939.00	
14.55	0.00	31975.56	
14.56	0.00	32012.14	
14.57	0.00	32048.73	
14.58	0.00	32085.33	
14.59	0.00	32121.94	
14.60	0.00	32158.57	
14.61	0.00	32195.21	
14.62	0.00	32231.86	
14.63	0.00	32268.52	
14.64	0.00	32305.20	
14.65	0.00	32341.88	
14.66	0.00	32378.58	
14.67	0.00	32415.30	
14.68	0.00	32452.02	
14.69	0.00	32488.75	
14.70	0.00	32525.50	
14.71	0.00	32562.26	
14.72	0.00	32599.03	
14.73	0.00	32635.82	
14.74	0.00	32672.61	
14.75	0.00	32709.42	
14.76	0.00	32746.24	
14.77	0.00	32783.08	
14.78	0.00	32819.92	
14.79	0.00	32856.78	
14.80	0.00	32893.65	
14.81	0.00	32930.53	
14.82	0.00	32967.42	
14.83	0.00	33004.33	
14.84	0.00	33041.24	
14.85	0.00	33078.17	
14.86	0.00	33115.11	
14.87	0.00	33152.07	
14.88	0.00	33189.03	
14.89	0.00	33226.01	
14.90	0.00	33263.00	
14.91	0.00	33300.00	
14.92	0.00	33337.01	
14.93	0.00	33374.04	
14.94	0.00	33411.08	
14.95	0.00	33448.13	
14.96	0.00	33485.19	
14.97	0.00	33522.26	
14.98	0.00	33559.35	
14.99	0.00	33596.44	
15.00	0.00	33633.55	
15.01	0.00	33670.67	
15.02	0.00	33707.81	
15.03	0.00	33744.95	
15.04	0.00	33782.11	
15.05	0.00	33819.28	
15.06	0.00	33856.46	
15.07	0.00	33893.65	
15.08	0.00	33930.86	
15.09	0.00	33968.07	
15.10	0.00	34005.30	
15.11	0.00	34042.54	
15.12	0.00	34079.79	
15.13	0.00	34117.06	
15.14	0.00	34154.33	
15.15	0.00	34191.62	
15.16	0.00	34228.92	
15.17	0.00	34266.23	
15.18	0.00	34303.56	
15.19	0.00	34340.89	
15.20	0.00	34378.24	
15.21	0.00	34415.60	
15.22	0.00	34452.97	
15.23	0.00	34490.35	
15.24	0.00	34527.75	
15.25	0.00	34565.16	
15.26	0.00	34602.57	
15.27	0.00	34640.00	
15.28	0.00	34677.45	
15.29	0.00	34714.90	
15.30	0.00	34752.37	
15.31	0.00	34789.84	
15.32	0.00	34827.33	
15.33	0.00	34864.83	
15.34	0.00	34902.35	
15.35	0.00	34939.87	
15.36	0.00	34977.41	
15.37	0.00	35014.96	
15.38	0.00	35052.52	
15.39	0.00	35090.09	
15.40	0.00	35127.67	
15.41	0.00	35165.27	
15.42	0.00	35202.87	
15.43	0.00	35240.49	
15.44	0.00	35278.12	
15.45	0.00	35315.77	
15.46	0.00	35353.42	
15.47	0.00	35391.08	
15.48	0.00	35428.76	
15.49	0.00	35466.45	
15.50	0.00	35504.15	
15.51	0.00	35541.86	
15.52	0.00	35579.59	
15.53	0.00	35617.32	
15.54	0.00	35655.07	
15.55	0.00	35692.83	
15.56	0.00	35730.60	
15.57	0.00	35768.38	
15.58	0.00	35806.18	
15.59	0.00	35843.98	
15.60	0.00	35881.80	
15.61	0.00	35919.63	
15.62	0.00	35957.47	
15.63	0.00	35995.32	
15.64	0.00	36033.19	
15.65	0.00	36071.06	
15.66	0.00	36108.95	
15.67	0.00	36146.85	
15.68	0.00	36184.76	
15.69	0.00	36222.68	
15.70	0.00	36260.62	
15.71	0.00	36298.56	
15.72	0.00	36336.52	
15.73	0.00	36374.49	
15.74	0.00	36412.47	
15.75	0.00	36450.46	
15.76	0.00	36488.46	
15.77	0.00	36526.47	
15.78	0.00	36564.50	
15.79	0.00	36602.54	
15.80	0.00	36640.59	
15.81	0.00	36678.65	
15.82	0.00	36716.72	
15.83	0.00	36754.81	
15.84	0.00	36792.90	
15.85	0.00	36831.01	
15.86	0.00	36869.13	
15.87	0.00	36907.26	
15.88	0.00	36945.40	
15.89	0.00	36983.55	
15.90	0.00	37021.72	
15.91	0.00	37059.89	
15.92	0.00	37098.08	
15.93	0.00	37136.28	
15.94	0.00	37174.49	
15.95	0.00	37212.71	
15.96	0.00	37250.94	
15.97	0.00	37289.19	
15.98	0.00	37327.45	
15.99	0.00	37365.71	
16.00	0.00	37403.99	
16.01	0.00	37442.28	
16.02	0.00	37480.58	
16.03	0.00	37518.90	
16.04	0.00	37557.22	
16.05	0.00	37595.56	
16.06	0.00	37633.91	
16.07	0.00	37672.27	
16.08	0.00	37710.64	
16.09	0.00	37749.02	
16.10	0.00	37787.41	
16.11	0.00	37825.82	
16.12	0.00	37864.23	
16.13	0.00	37902.66	
16.14	0.00	37941.10	
16.15	0.00	37979.55	
16.16	0.00	38018.01	
16.17	0.00	38056.49	
16.18	0.00	38094.97	
16.19	0.00	38133.47	
16.20	0.00	38171.97	
16.21	0.00	38210.49	
16.22	0.00	38249.02	
16.23	0.00	38287.56	
16.24	0.00	38326.12	
16.25	0.00	38364.68	
16.26	0.00	38403.26	
16.27	0.00	38441.84	
16.28	0.00	38480.44	
16.29	0.00	38519.05	
16.30	0.00	38557.67	
16.31	0.00	38596.30	
16.32	0.00	38634.94	
16.33	0.00	38673.60	
16.34	0.00	38712.26	
16.35	0.00	38750.94	
16.36	0.00	38789.63	
16.37	0.00	38828.33	
16.38	0.00	38867.04	
16.39	0.00	38905.76	
16.40	0.00	38944.49	
16.41	0.00	38983.24	
16.42	0.00	39021.99	
16.43	0.00	39060.76	
16.44	0.00	39099.54	
16.45	0.00	39138.33	
16.46	0.00	39177.13	
16.47	0.00	39215.94	
16.48	0.00	39254.77	
16.49	0.00	39293.60	
16.50	0.00	39332.45	
16.51	0.00	39371.30	
16.52	0.00	39410.17	
16.53	0.00	39449.05	
16.54	0.00	39487.94	
16.55	0.00	39526.84	
16.56	0.00	39565.75	
16.57	0.00	39604.68	
16.58	0.00	39643.61	
16.59	0.00	39682.56	
16.60	0.00	39721.52	
16.61	0.00	39760.49	
16.62	0.00	39799.47	
16.63	0.00	39838.46	
16.64	0.00	39877.46	
16.65	0.00	39916.47	
16.66	0.00	39955.50	
16.67	0.00	39994.53	
16.68	0.00	40033.58	
16.69	0.00	40072.64	
16.70	0.00	40111.70	
16.71	0.00	40150.78	
16.72	0.00	40189.88	
16.73	0.00	40228.98	
16.74	0.00	40268.09	
16.75	0.00	40307.22	
16.76	0.00	40346.35	
16.77	0.00	40385.50	
16.78	0.00	40424.65	
16.79	0.00	40463.82	
16.80	0.00	40503.00	
16.81	0.00	40542.19	
16.82	0.00	40581.40	
16.83	0.00	40620.61	
16.84	0.00	40659.83	
16.85	0.00	40699.07	
16.86	0.00	40738.31	
16.87	0.00	40777.57	
16.88	0.00	40816.84	
16.89	0.00	40856.12	
16.90	0.00	40895.41	
16.91	0.00	40934.71	
16.92	0.00	40974.02	
16.93	0.00	41013.35	
16.94	0.00	41052.68	
16.95	0.00	41092.03	
16.96	0.00	41131.38	
16.97	0.00	41170.75	
16.98	0.00	41210.13	
16.99	0.00	41249.52	
17.00	0.00	41288.92	
17.01	0.00	41328.33	
17.02	0.00	41367.75	
17.03	0.00	41407.19	
17.04	0.00	41446.63	
17.05	0.00	41486.09	
17.06	0.00	41525.55	
17.07	0.00	41565.03	
17.08	0.00	41604.52	
17.09	0.00	41644.02	
17.10	0.00	41683.53	
17.11	0.00	41723.05	
17.12	0.00	41762.58	
17.13	0.00	41802.12	
17.14	0.00	41841.68	
17.15	0.00	41881.24	
17.16	0.00	41920.82	
17.17	0.00	41960.40	
17.18	0.00	42000.00	*
17.19	0.00	42052.22	
17.20	0.00	42104.48	
17.21	0.00	42156.76	
17.22	0.00	42209.08	
17.23	0.00	42261.42	
17.24	0.00	42313.80	
17.25	0.00	42366.20	
17.26	0.00	42418.64	
17.27	0.00	42471.10	
17.28	0.00	42523.59	
17.29	0.00	42576.12	
17.30	0.00	42628.67	
17.31	0.00	42681.26	
17.32	0.00	42733.87	
17.33	0.00	42786.52	
17.34	0.00	42839.19	
17.35	0.00	42891.90	
17.36	0.00	42944.63	
17.37	0.00	42997.40	
17.38	0.00	43050.19	
17.39	0.00	43103.02	
17.40	0.00	43155.87	
17.41	0.00	43208.75	
17.42	0.00	43261.67	
17.43	0.00	43314.61	
17.44	0.00	43367.59	
17.45	0.00	43420.59	
17.46	0.00	43473.63	
17.47	0.00	43526.69	
17.48	0.00	43579.79	
17.49	0.00	43632.91	
17.50	0.00	43686.07	
17.51	0.00	43739.25	
17.52	0.00	43792.46	
17.53	0.00	43845.71	
17.54	0.00	43898.98	
17.55	0.00	43952.29	
17.56	0.00	44005.62	
17.57	0.00	44058.99	
17.58	0.00	44112.38	
17.59	0.00	44165.80	
17.60	0.00	44219.26	
17.61	0.00	44272.74	
17.62	0.00	44326.25	
17.63	0.00	44379.80	
17.64	0.00	44433.37	
17.65	0.00	44486.98	
17.66	0.00	44540.61	
17.67	0.00	44594.27	
17.68	0.00	44647.97	
17.69	0.00	44701.69	
17.70	0.00	44755.44	
17.71	0.00	44809.22	
17.72	0.00	44863.04	
17.73	0.00	44916.88	
17.74	0.00	44970.75	
17.75	0.00	45024.66	
17.76	0.00	45078.59	
17.77	0.00	45132.55	
17.78	0.00	45186.54	
17.79	0.00	45240.56	
17.80	0.00	45294.62	
17.81	0.00	45348.70	
17.82	0.00	45402.81	
17.83	0.00	45456.95	
17.84	0.00	45511.12	
17.85	0.00	45565.33	
17.86	0.00	45619.56	
17.87	0.00	45673.82	
17.88	0.00	45728.11	
17.89	0.00	45782.43	
17.90	0.00	45836.78	
17.91	0.00	45891.16	
17.92	0.00	45945.57	
17.93	0.00	46000.01	
17.94	0.00	46054.48	
17.95	0.00	46108.98	
17.96	0.00	46163.51	
17.97	0.00	46218.07	
17.98	0.00	46272.66	
17.99	0.00	46327.28	
18.00	0.00	46381.93	
18.01	0.00	46436.61	
18.02	0.00	46491.32	
18.03	0.00	46546.06	
18.04	0.00	46600.82	
18.05	0.00	46655.62	
18.06	0.00	46710.45	
18.07	0.00	46765.31	
18.08	0.00	46820.20	
18.09	0.00	46875.11	
18.10	0.00	46930.06	
18.11	0.00	46985.04	
18.12	0.00	47040.04	
18.13	0.00	47095.08	
18.14	0.00	47150.15	
18.15	0.00	47205.24	
18.16	0.00	47260.37	
18.17	0.00	47315.53	
18.18	0.00	47370.71	
18.19	0.00	47425.93	
18.20	0.00	47481.17	
18.21	0.00	47536.45	
18.22	0.00	47591.75	
18.23	0.00	47647.09	
18.24	0.00	47702.45	
18.25	0.00	47757.84	
18.26	0.00	47813.27	
18.27	0.00	47868.72	
18.28	0.00	47924.21	
18.29	0.00	47979.72	
18.30	0.00	48035.26	
18.31	0.00	48090.83	
18.32	0.00	48146.44	
18.33	0.00	48202.07	
18.34	0.00	48257.73	
18.35	0.00	48313.42	
18.36	0.00	48369.14	
18.37	0.00	48424.89	
18.38	0.00	48480.67	
18.39	0.00	48536.48	
18.40	0.00	48592.33	
18.41	0.00	48648.20	
18.42	0.00	48704.09	
18.43	0.00	48760.02	
18.44	0.00	48815.98	
18.45	0.00	48871.97	
18.46	0.00	48927.99	
18.47	0.00	48984.04	
18.48	0.00	49040.12	
18.49	0.00	49096.22	
18.50	0.00	49152.36	
18.51	0.00	49208.53	
18.52	0.00	49264.73	
18.53	0.00	49320.95	
18.54	0.00	49377.21	
18.55	0.00	49433.49	
18.56	0.00	49489.81	
18.57	0.00	49546.15	
18.58	0.00	49602.53	
18.59	0.00	49658.93	
18.60	0.00	49715.37	
18.61	0.00	49771.83	
18.62	0.00	49828.33	
18.63	0.00	49884.85	
18.64	0.00	49941.40	
18.65	0.00	49997.98	
18.66	0.00	50054.60	
18.67	0.00	50111.24	
18.68	0.00	50167.91	
18.69	0.00	50224.61	
18.70	0.00	50281.34	
18.71	0.00	50338.10	
18.72	0.00	50394.89	
18.73	0.00	50451.71	
18.74	0.00	50508.56	
18.75	0.00	50565.44	
18.76	0.00	50622.35	
18.77	0.00	50679.29	
18.78	0.00	50736.26	
18.79	0.00	50793.25	
18.80	0.00	50850.28	
18.81	0.00	50907.34	
18.82	0.00	50964.43	
18.83	0.00	51021.54	
18.84	0.00	51078.69	
18.85	0.00	51135.86	
18.86	0.00	51193.07	
18.87	0.00	51250.30	
18.88	0.00	51307.57	
18.89	0.00	51364.86	
18.90	0.00	51422.18	
18.91	0.00	51479.54	
18.92	0.00	51536.92	
18.93	0.00	51594.33	
18.94	0.00	51651.77	
18.95	0.00	51709.24	
18.96	0.00	51766.75	
18.97	0.00	51824.28	
18.98	0.00	51881.84	
18.99	0.00	51939.43	
19.00	0.00	51997.05	
19.01	0.00	52054.69	
19.02	0.00	52112.37	
19.03	0.00	52170.08	
19.04	0.00	52227.82	
19.05	0.00	52285.59	
19.06	0.00	52343.38	
19.07	0.00	52401.21	
19.08	0.00	52459.06	
19.09	0.00	52516.95	
19.10	0.00	52574.86	
19.11	0.00	52632.81	
19.12	0.00	52690.78	
19.13	0.00	52748.79	
19.14	0.00	52806.82	
19.15	0.00	52864.88	
19.16	0.00	52922.97	
19.17	0.00	52981.10	
19.18	0.00	53039.25	
19.19	0.00	53097.43	
19.20	0.00	53155.64	
19.21	0.00	53213.88	
19.22	0.00	53272.15	
19.23	0.00	53330.45	
19.24	0.00	53388.78	
19.25	0.00	53447.13	
19.26	0.00	53505.52	
19.27	0.00	53563.94	
19.28	0.00	53622.38	
19.29	0.00	53680.86	
19.30	0.00	53739.37	
19.31	0.00	53797.90	
19.32	0.00	53856.47	
19.33	0.00	53915.06	
19.34	0.00	53973.68	
19.35	0.00	54032.34	
19.36	0.00	54091.02	
19.37	0.00	54149.73	
19.38	0.00	54208.47	
19.39	0.00	54267.24	
19.40	0.00	54326.04	
19.41	0.00	54384.87	
19.42	0.00	54443.73	
19.43	0.00	54502.62	
19.44	0.00	54561.54	
19.45	0.00	54620.49	
19.46	0.00	54679.47	
19.47	0.00	54738.47	
19.48	0.00	54797.51	
19.49	0.00	54856.57	
19.50	0.00	54915.67	
19.51	0.00	54974.79	
19.52	0.00	55033.95	
19.53	0.00	55093.13	
19.54	0.00	55152.34	
19.55	0.00	55211.59	
19.56	0.00	55270.86	
19.57	0.00	55330.16	
19.58	0.00	55389.49	
19.59	0.00	55448.85	
19.60	0.00	55508.24	
19.61	0.00	55567.66	
19.62	0.00	55627.11	
19.63	0.00	55686.59	
19.64	0.00	55746.09	
19.65	0.00	55805.63	
19.66	0.00	55865.20	
19.67	0.00	55924.79	
19.68	0.00	55984.42	
19.69	0.00	56044.07	
19.70	0.00	56103.76	
19.71	0.00	56163.47	
19.72	0.00	56223.21	
19.73	0.00	56282.98	
19.74	0.00	56342.79	
19.75	0.00	56402.62	
19.76	0.00	56462.48	
19.77	0.00	56522.37	
19.78	0.00	56582.29	
19.79	0.00	56642.23	
19.80	0.00	56702.21	
19.81	0.00	56762.22	
19.82	0.00	56822.26	
19.83	0.00	56882.32	
19.84	0.00	56942.42	
19.85	0.00	57002.54	
19.86	0.00	57062.70	
19.87	0.00	57122.88	
19.88	0.00	57183.09	
19.89	0.00	57243.33	
19.90	0.00	57303.61	
19.91	0.00	57363.91	
19.92	0.00	57424.24	
19.93	0.00	57484.60	
19.94	0.00	57544.99	
19.95	0.00	57605.41	
19.96	0.00	57665.85	
19.97	0.00	57726.33	
19.98	0.00	57786.84	
19.99	0.00	57847.37	
20.00	0.00	57907.94	
20.01	0.00	57968.53	
20.02	0.00	58029.16	
20.03	0.00	58089.81	
20.04	0.00	58150.49	
20.05	0.00	58211.20	
20.06	0.00	58271.94	
20.07	0.00	58332.72	
20.08	0.00	58393.51	
20.09	0.00	58454.34	
20.10	0.00	58515.20	
20.11	0.00	58576.09	
20.12	0.00	58637.01	
20.13	0.00	58697.95	
20.14	0.00	58758.93	
20.15	0.00	58819.93	
20.16	0.00	58880.97	
20.17	0.00	58942.03	
20.18	0.00	59003.13	
20.19	0.00	59064.25	
20.20	0.00	59125.40	
20.21	0.00	59186.58	
20.22	0.00	59247.79	
20.23	0.00	59309.03	
20.24	0.00	59370.30	
20.25	0.00	59431.60	
20.26	0.00	59492.92	
20.27	0.00	59554.28	
20.28	0.00	59615.67	
20.29	0.00	59677.08	
20.30	0.00	59738.53	
20.31	0.00	59800.00	*
20.32	0.00	59874.83	
20.33	0.00	59949.72	
20.34	0.00	60024.66	
20.35	0.00	60099.65	
20.36	0.00	60174.70	
20.37	0.00	60249.79	
20.38	0.00	60324.94	
20.39	0.00	60400.14	
20.40	0.00	60475.39	
20.41	0.00	60550.70	
20.42	0.00	60626.06	
20.43	0.00	60701.47	
20.44	0.00	60776.93	
20.45	0.00	60852.44	
20.46	0.00	60928.01	
20.47	0.00	61003.63	
20.48	0.00	61079.30	
20.49	0.00	61155.03	
20.50	0.00	61230.80	
20.51	0.00	61306.63	
20.52	0.00	61382.51	
20.53	0.00	61458.45	
20.54	0.00	61534.43	
20.55	0.00	61610.47	
20.56	0.00	61686.56	
20.57	0.00	61762.71	
20.58	0.00	61838.90	
20.59	0.00	61915.15	
20.60	0.00	61991.45	
20.61	0.00	62067.81	
20.62	0.00	62144.21	
20.63	0.00	62220.67	
20.64	0.00	62297.18	
20.65	0.00	62373.75	
20.66	0.00	62450.37	
20.67	0.00	62527.03	
20.68	0.00	62603.76	
20.69	0.00	62680.53	
20.70	0.00	62757.36	
20.71	0.00	62834.24	
20.72	0.00	62911.17	
20.73	0.00	62988.15	
20.74	0.00	63065.19	
20.75	0.00	63142.28	
20.76	0.00	63219.42	
20.77	0.00	63296.61	
20.78	0.00	63373.86	
20.79	0.00	63451.16	
20.80	0.00	63528.51	
20.81	0.00	63605.92	
20.82	0.00	63683.38	
20.83	0.00	63760.89	
20.84	0.00	63838.45	
20.85	0.00	63916.07	
20.86	0.00	63993.74	
20.87	0.00	64071.46	
20.88	0.00	64149.23	
20.89	0.00	64227.06	
20.90	0.00	64304.94	
20.91	0.00	64382.87	
20.92	0.00	64460.86	
20.93	0.00	64538.89	
20.94	0.00	64616.98	
20.95	0.00	64695.13	
20.96	0.00	64773.32	
20.97	0.00	64851.57	
20.98	0.00	64929.87	
20.99	0.00	65008.23	
21.00	0.00	65086.63	
21.01	0.00	65165.09	
21.02	0.00	65243.61	
21.03	0.00	65322.17	
21.04	0.00	65400.79	
21.05	0.00	65479.46	
21.06	0.00	65558.19	
21.07	0.00	65636.96	
21.08	0.00	65715.79	
21.09	0.00	65794.67	
21.10	0.00	65873.61	
21.11	0.00	65952.60	
21.12	0.00	66031.64	
21.13	0.00	66110.73	
21.14	0.00	66189.88	
21.15	0.00	66269.08	
21.16	0.00	66348.33	
21.17	0.00	66427.64	
21.18	0.00	66507.00	
21.19	0.00	66586.41	
21.20	0.00	66665.87	
21.21	0.00	66745.39	
21.22	0.00	66824.96	
21.23	0.00	66904.58	
21.24	0.00	66984.26	
21.25	0.00	67063.99	
21.26	0.00	67143.77	
21.27	0.00	67223.61	
21.28	0.00	67303.49	
21.29	0.00	67383.44	
21.30	0.00	67463.43	
21.31	0.00	67543.48	
21.32	0.00	67623.58	
21.33	0.00	67703.73	
21.34	0.00	67783.94	
21.35	0.00	67864.20	
21.36	0.00	67944.51	
21.37	0.00	68024.87	
21.38	0.00	68105.29	
21.39	0.00	68185.76	
21.40	0.00	68266.29	
21.41	0.00	68346.87	
21.42	0.00	68427.50	
21.43	0.00	68508.18	
21.44	0.00	68588.92	
21.45	0.00	68669.71	
21.46	0.00	68750.55	
21.47	0.00	68831.45	
21.48	0.00	68912.40	
21.49	0.00	68993.40	
21.50	0.00	69074.46	
21.51	0.00	69155.57	
21.52	0.00	69236.73	
21.53	0.00	69317.94	
21.54	0.00	69399.21	
21.55	0.00	69480.53	
21.56	0.00	69561.91	
21.57	0.00	69643.34	
21.58	0.00	69724.82	
21.59	0.00	69806.35	
21.60	0.00	69887.94	
21.61	0.00	69969.58	
21.62	0.00	70051.28	
21.63	0.00	70133.03	
21.64	0.00	70214.83	
21.65	0.00	70296.68	
21.66	0.00	70378.59	
21.67	0.00	70460.55	
21.68	0.00	70542.56	
21.69	0.00	70624.63	
21.70	0.00	70706.75	
21.71	0.00	70788.92	
21.72	0.00	70871.15	
21.73	0.00	70953.43	
21.74	0.00	71035.77	
21.75	0.00	71118.15	
21.76	0.00	71200.59	
21.77	0.00	71283.09	
21.78	0.00	71365.64	
21.79	0.00	71448.24	
21.80	0.00	71530.89	
21.81	0.00	71613.60	
21.82	0.00	71696.36	
21.83	0.00	71779.17	
21.84	0.00	71862.04	
21.85	0.00	71944.96	
21.86	0.00	72027.94	
21.87	0.00	72110.97	
21.88	0.00	72194.05	
21.89	0.00	72277.18	
21.90	0.00	72360.37	
21.91	0.00	72443.61	
21.92	0.00	72526.91	
21.93	0.00	72610.26	
21.94	0.00	72693.66	
21.95	0.00	72777.11	
21.96	0.00	72860.62	
21.97	0.00	72944.19	
21.98	0.00	73027.80	
21.99	0.00	73111.47	
22.00	0.00	73195.19	
22.01	0.00	73278.97	
22.02	0.00	73362.80	
22.03	0.00	73446.69	
22.04	0.00	73530.62	
22.05	0.00	73614.61	
22.06	0.00	73698.66	
22.07	0.00	73782.76	
22.08	0.00	73866.91	
22.09	0.00	73951.11	
22.10	0.00	74035.37	
22.11	0.00	74119.68	
22.12	0.00	74204.05	
22.13	0.00	74288.47	
22.14	0.00	74372.94	
22.15	0.00	74457.47	
22.16	0.00	74542.05	
22.17	0.00	74626.68	
22.18	0.00	74711.37	
22.19	0.00	74796.11	
22.20	0.00	74880.91	
22.21	0.00	74965.76	
22.22	0.00	75050.66	
22.23	0.00	75135.62	
22.24	0.00	75220.63	
22.25	0.00	75305.69	
22.26	0.00	75390.81	
22.27	0.00	75475.98	
22.28	0.00	75561.20	
22.29	0.00	75646.48	
22.30	0.00	75731.81	
22.31	0.00	75817.20	
22.32	0.00	75902.64	
22.33	0.00	75988.13	
22.34	0.00	76073.68	
22.35	0.00	76159.28	
22.36	0.00	76244.94	
22.37	0.00	76330.64	
22.38	0.00	76416.41	
22.39	0.00	76502.22	
22.40	0.00	76588.09	
22.41	0.00	76674.02	
22.42	0.00	76759.99	
22.43	0.00	76846.02	
22.44	0.00	76932.11	
22.45	0.00	77018.25	
22.46	0.00	77104.44	
22.47	0.00	77190.69	
22.48	0.00	77276.99	
22.49	0.00	77363.34	
22.50	0.00	77449.75	
22.51	0.00	77536.21	
22.52	0.00	77622.73	
22.53	0.00	77709.30	
22.54	0.00	77795.92	
22.55	0.00	77882.60	
22.56	0.00	77969.33	
22.57	0.00	78056.12	
22.58	0.00	78142.96	
22.59	0.00	78229.85	
22.60	0.00	78316.80	
22.61	0.00	78403.80	
22.62	0.00	78490.86	
22.63	0.00	78577.97	
22.64	0.00	78665.13	
22.65	0.00	78752.35	
22.66	0.00	78839.62	
22.67	0.00	78926.94	
22.68	0.00	79014.32	
22.69	0.00	79101.76	
22.70	0.00	79189.25	
22.71	0.00	79276.79	
22.72	0.00	79364.38	
22.73	0.00	79452.03	
22.74	0.00	79539.74	
22.75	0.00	79627.49	
22.76	0.00	79715.30	
22.77	0.00	79803.17	
22.78	0.00	79891.09	
22.79	0.00	79979.06	
22.80	0.00	80067.09	
22.81	0.00	80155.17	
22.82	0.00	80243.31	
22.83	0.00	80331.50	
22.84	0.00	80419.74	
22.85	0.00	80508.04	
22.86	0.00	80596.40	
22.87	0.00	80684.80	
22.88	0.00	80773.26	
22.89	0.00	80861.78	
22.90	0.00	80950.35	
22.91	0.00	81038.97	
22.92	0.00	81127.65	
22.93	0.00	81216.38	
22.94	0.00	81305.17	
22.95	0.00	81394.01	
22.96	0.00	81482.90	
22.97	0.00	81571.85	
22.98	0.00	81660.85	
22.99	0.00	81749.91	
23.00	0.00	81839.02	
23.01	0.00	81928.19	
23.02	0.00	82017.41	
23.03	0.00	82106.68	
23.04	0.00	82196.01	
23.05	0.00	82285.39	
23.06	0.00	82374.83	
23.07	0.00	82464.32	
23.08	0.00	82553.86	
23.09	0.00	82643.46	
23.10	0.00	82733.12	
23.11	0.00	82822.82	
23.12	0.00	82912.59	
23.13	0.00	83002.40	
23.14	0.00	83092.27	
23.15	0.00	83182.20	
23.16	0.00	83272.18	
23.17	0.00	83362.21	
23.18	0.00	83452.30	
23.19	0.00	83542.44	
23.20	0.00	83632.64	
23.21	0.00	83722.89	
23.22	0.00	83813.20	
23.23	0.00	83903.56	
23.24	0.00	83993.97	
23.25	0.00	84084.44	
23.26	0.00	84174.97	
23.27	0.00	84265.55	
23.28	0.00	84356.18	
23.29	0.00	84446.86	
23.30	0.00	84537.61	
23.31	0.00	84628.40	
23.32	0.00	84719.25	
23.33	0.00	84810.16	
23.34	0.00	84901.11	
23.35	0.00	84992.13	
23.36	0.00	85083.20	
23.37	0.00	85174.32	
23.38	0.00	85265.50	
23.39	0.00	85356.73	
23.40	0.00	85448.01	
23.41	0.00	85539.35	
23.42	0.00	85630.75	
23.43	0.00	85722.20	
23.44	0.00	85813.70	
23.45	0.00	85905.26	
23.46	0.00	85996.87	
23.47	0.00	86088.54	
23.48	0.00	86180.26	
23.49	0.00	86272.04	
23.50	0.00	86363.87	
23.51	0.00	86455.76	
23.52	0.00	86547.70	
23.53	0.00	86639.69	
23.54	0.00	86731.74	
23.55	0.00	86823.85	
23.56	0.00	86916.00	
23.57	0.00	87008.22	
23.58	0.00	87100.49	
23.59	0.00	87192.81	
23.60	0.00	87285.19	
23.61	0.00	87377.62	
23.62	0.00	87470.11	
23.63	0.00	87562.65	
23.64	0.00	87655.24	
23.65	0.00	87747.89	
23.66	0.00	87840.60	
23.67	0.00	87933.36	
23.68	0.00	88026.17	
23.69	0.00	88119.04	
23.70	0.00	88211.97	
23.71	0.00	88304.95	
23.72	0.00	88397.98	
23.73	0.00	88491.07	
23.74	0.00	88584.21	
23.75	0.00	88677.41	
23.76	0.00	88770.66	
23.77	0.00	88863.97	
23.78	0.00	88957.33	
23.79	0.00	89050.75	
23.80	0.00	89144.22	
23.81	0.00	89237.74	
23.82	0.00	89331.33	
23.83	0.00	89424.96	
23.84	0.00	89518.65	
23.85	0.00	89612.40	
23.86	0.00	89706.20	
23.87	0.00	89800.05	
23.88	0.00	89893.96	
23.89	0.00	89987.93	
23.90	0.00	90081.95	
23.91	0.00	90176.02	
23.92	0.00	90270.15	
23.93	0.00	90364.34	
23.94	0.00	90458.58	
23.95	0.00	90552.87	
23.96	0.00	90647.22	
23.97	0.00	90741.62	
23.98	0.00	90836.08	
23.99	0.00	90930.59	
24.00	0.00	91025.16	
24.01	0.00	91119.79	
24.02	0.00	91214.46	
24.03	0.00	91309.20	
24.04	0.00	91403.99	
24.05	0.00	91498.83	
24.06	0.00	91593.73	
24.07	0.00	91688.68	
24.08	0.00	91783.69	
24.09	0.00	91878.75	
24.10	0.00	91973.87	
24.11	0.00	92069.04	
24.12	0.00	92164.27	
24.13	0.00	92259.55	
24.14	0.00	92354.89	
24.15	0.00	92450.28	
24.16	0.00	92545.73	
24.17	0.00	92641.23	
24.18	0.00	92736.79	
24.19	0.00	92832.40	
24.20	0.00	92928.07	
24.21	0.00	93023.79	
24.22	0.00	93119.57	
24.23	0.00	93215.41	
24.24	0.00	93311.29	
24.25	0.00	93407.24	
24.26	0.00	93503.24	
24.27	0.00	93599.29	
24.28	0.00	93695.40	
24.29	0.00	93791.56	
24.30	0.00	93887.78	
24.31	0.00	93984.05	
24.32	0.00	94080.38	
24.33	0.00	94176.77	
24.34	0.00	94273.21	
24.35	0.00	94369.70	
24.36	0.00	94466.25	
24.37	0.00	94562.85	
24.38	0.00	94659.51	
24.39	0.00	94756.23	
24.40	0.00	94853.00	
24.41	0.00	94949.83	
24.42	0.00	95046.71	
24.43	0.00	95143.64	
24.44	0.00	95240.63	
24.45	0.00	95337.68	
24.46	0.00	95434.78	
24.47	0.00	95531.94	
24.48	0.00	95629.15	
24.49	0.00	95726.42	
24.50	0.00	95823.74	
24.51	0.00	95921.12	
24.52	0.00	96018.55	
24.53	0.00	96116.04	
24.54	0.00	96213.58	
24.55	0.00	96311.18	
24.56	0.00	96408.83	
24.57	0.00	96506.54	
24.58	0.00	96604.31	
24.59	0.00	96702.12	
24.60	0.00	96800.00	*