# //UNITED STATES GEOLOGICAL SURVEY       http://water.usgs.gov/
# //NATIONAL WATER INFORMATION SYSTEM     http://water.usgs.gov/data.html
# //DATA ARE PROVISIONAL AND SUBJECT TO CHANGE UNTIL PUBLISHED BY USGS
# //RETRIEVED: 2025-05-28 18:50:02
# //WARNING
# //WARNING The stage-discharge rating provided in this file should be
# //WARNING considered provisional and subject to change. Stage-discharge
# //WARNING ratings change over time as the channel features that control
# //WARNING the relation between stage and discharge vary. Users are
# //WARNING cautioned to consider carefully the applicability of this
# //WARNING rating before using it for decisions that concern personal or
# //WARNING public safety or operational consequences.
# //FILE TYPE="NWIS RATING" 
# //DATABASE NUMBER=01 DESCRIPTION=" Standard data base for this site."
# //STATION AGENCY="USGS " NUMBER="01426500       " TIME_ZONE="EST" DST_FLAG=N
# //STATION NAME="WEST BRANCH DELAWARE RIVER AT HALE EDDY NY"
# //LABEL="Discharge (ft^3/s)"
# //PARAMETER CODE="00060"
# //RATING SHIFTED="20250528185002 EST"
# //RATING ID="38.0 " TYPE="STGQ" NAME="stage-discharge" AGING=????
# //RATING REMARKS=""
# //RATING EXPANSION="logarithmic"
# //RATING OFFSET1=1.120000E+00
# //RATING_INDEP ROUNDING="????" PARAMETER="Gage height (ft)"
# //RATING_DEP ROUNDING="????" PARAMETER="Discharge (ft^3/s)"
# //RATING_DATETIME BEGIN=20250504200000 BZONE=-05:00 END=-------------- EZONE=--- AGING=Working
# //RATING_DATETIME COMMENT="Created to address long-standing v-shift in the mid-ranges. "
# //SHIFT_NEXT BEGIN="--------------" BZONE="---" END="--------------" EZONE="---"
# //SHIFT_NEXT STAGE1="---" SHIFT1="---" STAGE2="---" SHIFT2="---" STAGE3="---" SHIFT3="---"
# //SHIFT_NEXT COMMENT=" "
INDEP	SHIFT	DEP	STOR
16N	16N	16N	1S
1.14	0.00	0.49	*
1.15	0.00	0.94	
1.16	0.00	1.50	
1.17	0.00	2.15	
1.18	0.00	2.89	
1.19	0.00	3.70	
1.20	0.00	4.59	
1.21	0.00	5.55	
1.22	0.00	6.58	
1.23	0.00	7.68	
1.24	0.00	8.84	
1.25	0.00	10.05	
1.26	0.00	11.33	
1.27	0.00	12.67	
1.28	0.00	14.06	
1.29	0.00	15.50	
1.30	0.00	17.00	*
1.31	0.00	18.47	
1.32	0.00	19.99	
1.33	0.00	21.55	
1.34	0.00	23.15	
1.35	0.00	24.78	
1.36	0.00	26.46	
1.37	0.00	28.17	
1.38	0.00	29.92	
1.39	0.00	31.71	
1.40	0.00	33.54	
1.41	0.00	35.40	
1.42	0.00	37.29	
1.43	0.00	39.22	
1.44	0.00	41.18	
1.45	0.00	43.18	
1.46	0.00	45.20	
1.47	0.00	47.26	
1.48	0.00	49.36	
1.49	0.00	51.48	
1.50	0.00	53.64	
1.51	0.00	55.82	
1.52	0.00	58.04	
1.53	0.00	60.28	
1.54	0.00	62.56	
1.55	0.00	64.86	
1.56	0.00	67.20	
1.57	0.00	69.56	
1.58	0.00	71.95	
1.59	0.00	74.37	
1.60	0.00	76.82	
1.61	0.00	79.29	
1.62	0.00	81.80	
1.63	0.00	84.32	
1.64	0.00	86.88	
1.65	0.00	89.46	
1.66	0.00	92.07	
1.67	0.00	94.71	
1.68	0.00	97.37	
1.69	0.00	100.05	
1.70	0.00	102.77	
1.71	0.00	105.50	
1.72	0.00	108.26	
1.73	0.00	111.05	
1.74	0.00	113.86	
1.75	0.00	116.70	
1.76	0.00	119.56	
1.77	0.00	122.44	
1.78	0.00	125.35	
1.79	0.00	128.29	
1.80	0.00	131.24	
1.81	0.00	134.22	
1.82	0.00	137.22	
1.83	0.00	140.25	
1.84	0.00	143.30	
1.85	0.00	146.37	
1.86	0.00	149.47	
1.87	0.00	152.58	
1.88	0.00	155.72	
1.89	0.00	158.88	
1.90	0.00	162.07	
1.91	0.00	165.27	
1.92	0.00	168.50	
1.93	0.00	171.75	
1.94	0.00	175.02	
1.95	0.00	178.32	
1.96	0.00	181.63	
1.97	0.00	184.97	
1.98	0.00	188.32	
1.99	0.00	191.70	
2.00	0.00	195.10	
2.01	0.00	198.52	
2.02	0.00	201.96	
2.03	0.00	205.42	
2.04	0.00	208.90	
2.05	0.00	212.40	
2.06	0.00	215.93	
2.07	0.00	219.47	
2.08	0.00	223.03	
2.09	0.00	226.61	
2.10	0.00	230.22	
2.11	0.00	233.84	
2.12	0.00	237.48	
2.13	0.00	241.14	
2.14	0.00	244.82	
2.15	0.00	248.52	
2.16	0.00	252.24	
2.17	0.00	255.98	
2.18	0.00	259.74	
2.19	0.00	263.52	
2.20	0.00	267.31	
2.21	0.00	271.13	
2.22	0.00	274.96	
2.23	0.00	278.82	
2.24	0.00	282.69	
2.25	0.00	286.58	
2.26	0.00	290.49	
2.27	0.00	294.42	
2.28	0.00	298.36	
2.29	0.00	302.33	
2.30	0.00	306.31	
2.31	0.00	310.31	
2.32	0.00	314.33	
2.33	0.00	318.37	
2.34	0.00	322.42	
2.35	0.00	326.49	
2.36	0.00	330.58	
2.37	0.00	334.69	
2.38	0.00	338.82	
2.39	0.00	342.96	
2.40	0.00	347.12	
2.41	0.00	351.30	
2.42	0.00	355.50	
2.43	0.00	359.71	
2.44	0.00	363.94	
2.45	0.00	368.19	
2.46	0.00	372.46	
2.47	0.00	376.74	
2.48	0.00	381.04	
2.49	0.00	385.36	
2.50	0.00	389.69	
2.51	0.00	394.04	
2.52	0.00	398.41	
2.53	0.00	402.79	
2.54	0.00	407.19	
2.55	0.00	411.61	
2.56	0.00	416.05	
2.57	0.00	420.50	
2.58	0.00	424.97	
2.59	0.00	429.45	
2.60	0.00	433.95	
2.61	0.00	438.47	
2.62	0.00	443.00	
2.63	0.00	447.55	
2.64	0.00	452.12	
2.65	0.00	456.70	
2.66	0.00	461.30	
2.67	0.00	465.91	
2.68	0.00	470.54	
2.69	0.00	475.19	
2.70	0.00	479.85	
2.71	0.00	484.53	
2.72	0.00	489.22	
2.73	0.00	493.93	
2.74	0.00	498.65	
2.75	0.00	503.40	
2.76	0.00	508.15	
2.77	0.00	512.93	
2.78	0.00	517.71	
2.79	0.00	522.52	
2.80	0.00	527.34	
2.81	0.00	532.17	
2.82	0.00	537.02	
2.83	0.00	541.89	
2.84	0.00	546.77	
2.85	0.00	551.66	
2.86	0.00	556.57	
2.87	0.00	561.50	
2.88	0.00	566.44	
2.89	0.00	571.40	
2.90	0.00	576.37	
2.91	0.00	581.35	
2.92	0.00	586.36	
2.93	0.00	591.37	
2.94	0.00	596.40	
2.95	0.00	601.45	
2.96	0.00	606.51	
2.97	0.00	611.59	
2.98	0.00	616.68	
2.99	0.00	621.79	
3.00	0.00	626.91	
3.01	0.00	632.04	
3.02	0.00	637.19	
3.03	0.00	642.35	
3.04	0.00	647.53	
3.05	0.00	652.73	
3.06	0.00	657.93	
3.07	0.00	663.16	
3.08	0.00	668.39	
3.09	0.00	673.64	
3.10	0.00	678.91	
3.11	0.00	684.19	
3.12	0.00	689.48	
3.13	0.00	694.79	
3.14	0.00	700.11	
3.15	0.00	705.45	
3.16	0.00	710.80	
3.17	0.00	716.17	
3.18	0.00	721.55	
3.19	0.00	726.94	
3.20	0.00	732.35	
3.21	0.00	737.77	
3.22	0.00	743.20	
3.23	0.00	748.65	
3.24	0.00	754.11	
3.25	0.00	759.59	
3.26	0.00	765.08	
3.27	0.00	770.59	
3.28	0.00	776.10	
3.29	0.00	781.64	
3.30	0.00	787.18	
3.31	0.00	792.74	
3.32	0.00	798.31	
3.33	0.00	803.90	
3.34	0.00	809.50	
3.35	0.00	815.12	
3.36	0.00	820.74	
3.37	0.00	826.38	
3.38	0.00	832.04	
3.39	0.00	837.71	
3.40	0.00	843.39	
3.41	0.00	849.08	
3.42	0.00	854.79	
3.43	0.00	860.51	
3.44	0.00	866.25	
3.45	0.00	871.99	
3.46	0.00	877.76	
3.47	0.00	883.53	
3.48	0.00	889.32	
3.49	0.00	895.12	
3.50	0.00	900.93	
3.51	0.00	906.76	
3.52	0.00	912.60	
3.53	0.00	918.46	
3.54	0.00	924.32	
3.55	0.00	930.20	
3.56	0.00	936.10	
3.57	0.00	942.00	
3.58	0.00	947.92	
3.59	0.00	953.85	
3.60	0.00	959.80	
3.61	0.00	965.75	
3.62	0.00	971.73	
3.63	0.00	977.71	
3.64	0.00	983.70	
3.65	0.00	989.71	
3.66	0.00	995.74	
3.67	0.00	1001.77	
3.68	0.00	1007.82	
3.69	0.00	1013.88	
3.70	0.00	1019.95	
3.71	0.00	1026.04	
3.72	0.00	1032.13	
3.73	0.00	1038.24	
3.74	0.00	1044.37	
3.75	0.00	1050.50	
3.76	0.00	1056.65	
3.77	0.00	1062.81	
3.78	0.00	1068.99	
3.79	0.00	1075.17	
3.80	0.00	1081.37	
3.81	0.00	1087.58	
3.82	0.00	1093.80	
3.83	0.00	1100.04	
3.84	0.00	1106.29	
3.85	0.00	1112.55	
3.86	0.00	1118.82	
3.87	0.00	1125.11	
3.88	0.00	1131.40	
3.89	0.00	1137.71	
3.90	0.00	1144.04	
3.91	0.00	1150.37	
3.92	0.00	1156.72	
3.93	0.00	1163.07	
3.94	0.00	1169.45	
3.95	0.00	1175.83	
3.96	0.00	1182.22	
3.97	0.00	1188.63	
3.98	0.00	1195.05	
3.99	0.00	1201.48	
4.00	0.00	1207.92	
4.01	0.00	1214.38	
4.02	0.00	1220.85	
4.03	0.00	1227.33	
4.04	0.00	1233.82	
4.05	0.00	1240.32	
4.06	0.00	1246.84	
4.07	0.00	1253.36	
4.08	0.00	1259.90	
4.09	0.00	1266.45	
4.10	0.00	1273.02	
4.11	0.00	1279.59	
4.12	0.00	1286.18	
4.13	0.00	1292.78	
4.14	0.00	1299.39	
4.15	0.00	1306.01	
4.16	0.00	1312.64	
4.17	0.00	1319.29	
4.18	0.00	1325.95	
4.19	0.00	1332.62	
4.20	0.00	1339.30	
4.21	0.00	1345.99	
4.22	0.00	1352.69	
4.23	0.00	1359.41	*
4.24	0.00	1367.34	
4.25	0.00	1375.42	
4.26	0.00	1383.51	
4.27	0.00	1391.62	
4.28	0.00	1399.76	
4.29	0.00	1407.92	
4.30	0.00	1416.10	
4.31	0.00	1424.30	
4.32	0.00	1432.53	
4.33	0.00	1440.77	
4.34	0.00	1449.04	
4.35	0.00	1457.33	
4.36	0.00	1465.64	
4.37	0.00	1473.97	
4.38	0.00	1482.32	
4.39	0.00	1490.70	
4.40	0.00	1499.09	
4.41	0.00	1507.51	
4.42	0.00	1515.95	
4.43	0.00	1524.41	
4.44	0.00	1532.89	
4.45	0.00	1541.40	
4.46	0.00	1549.92	
4.47	0.00	1558.47	
4.48	0.00	1567.04	
4.49	0.00	1575.62	
4.50	0.00	1584.24	
4.51	0.00	1592.87	
4.52	0.00	1601.52	
4.53	0.00	1610.20	
4.54	0.00	1618.89	
4.55	0.00	1627.61	
4.56	0.00	1636.35	
4.57	0.00	1645.11	
4.58	0.00	1653.89	
4.59	0.00	1662.70	
4.60	0.00	1671.52	
4.61	0.00	1680.37	
4.62	0.00	1689.23	
4.63	0.00	1698.12	
4.64	0.00	1707.03	
4.65	0.00	1715.96	
4.66	0.00	1724.91	
4.67	0.00	1733.89	
4.68	0.00	1742.88	
4.69	0.00	1751.90	
4.70	0.00	1760.94	
4.71	0.00	1769.99	
4.72	0.00	1779.07	
4.73	0.00	1788.17	
4.74	0.00	1797.30	
4.75	0.00	1806.44	
4.76	0.00	1815.60	
4.77	0.00	1824.79	
4.78	0.00	1834.00	
4.79	0.00	1843.22	
4.80	0.00	1852.47	
4.81	0.00	1861.74	
4.82	0.00	1871.03	
4.83	0.00	1880.35	
4.84	0.00	1889.68	
4.85	0.00	1899.03	
4.86	0.00	1908.41	
4.87	0.00	1917.81	
4.88	0.00	1927.22	
4.89	0.00	1936.66	
4.90	0.00	1946.12	
4.91	0.00	1955.60	
4.92	0.00	1965.10	
4.93	0.00	1974.63	
4.94	0.00	1984.17	
4.95	0.00	1993.74	
4.96	0.00	2003.32	
4.97	0.00	2012.93	
4.98	0.00	2022.56	
4.99	0.00	2032.20	
5.00	0.00	2041.87	
5.01	0.00	2051.56	
5.02	0.00	2061.28	
5.03	0.00	2071.01	
5.04	0.00	2080.76	
5.05	0.00	2090.54	
5.06	0.00	2100.33	
5.07	0.00	2110.15	
5.08	0.00	2119.98	
5.09	0.00	2129.84	
5.10	0.00	2139.72	
5.11	0.00	2149.62	
5.12	0.00	2159.54	
5.13	0.00	2169.48	
5.14	0.00	2179.44	
5.15	0.00	2189.43	
5.16	0.00	2199.43	
5.17	0.00	2209.46	
5.18	0.00	2219.50	
5.19	0.00	2229.57	
5.20	0.00	2239.65	
5.21	0.00	2249.76	
5.22	0.00	2259.89	
5.23	0.00	2270.04	
5.24	0.00	2280.21	
5.25	0.00	2290.40	
5.26	0.00	2300.61	
5.27	0.00	2310.84	
5.28	0.00	2321.10	
5.29	0.00	2331.37	
5.30	0.00	2341.66	
5.31	0.00	2351.98	
5.32	0.00	2362.31	
5.33	0.00	2372.67	
5.34	0.00	2383.05	
5.35	0.00	2393.44	
5.36	0.00	2403.86	
5.37	0.00	2414.30	
5.38	0.00	2424.76	
5.39	0.00	2435.24	
5.40	0.00	2445.74	
5.41	0.00	2456.26	
5.42	0.00	2466.81	
5.43	0.00	2477.37	
5.44	0.00	2487.95	
5.45	0.00	2498.56	
5.46	0.00	2509.18	
5.47	0.00	2519.82	
5.48	0.00	2530.49	
5.49	0.00	2541.18	
5.50	0.00	2551.88	
5.51	0.00	2562.61	
5.52	0.00	2573.36	
5.53	0.00	2584.13	
5.54	0.00	2594.91	
5.55	0.00	2605.72	
5.56	0.00	2616.55	
5.57	0.00	2627.40	
5.58	0.00	2638.27	
5.59	0.00	2649.17	
5.60	0.00	2660.08	
5.61	0.00	2671.01	
5.62	0.00	2681.96	
5.63	0.00	2692.94	
5.64	0.00	2703.93	
5.65	0.00	2714.94	
5.66	0.00	2725.98	
5.67	0.00	2737.03	
5.68	0.00	2748.11	
5.69	0.00	2759.20	
5.70	0.00	2770.32	
5.71	0.00	2781.46	
5.72	0.00	2792.61	
5.73	0.00	2803.79	
5.74	0.00	2814.99	
5.75	0.00	2826.20	
5.76	0.00	2837.44	
5.77	0.00	2848.70	
5.78	0.00	2859.98	
5.79	0.00	2871.28	
5.80	0.00	2882.60	
5.81	0.00	2893.94	
5.82	0.00	2905.30	
5.83	0.00	2916.68	
5.84	0.00	2928.08	
5.85	0.00	2939.50	
5.86	0.00	2950.94	
5.87	0.00	2962.40	
5.88	0.00	2973.89	
5.89	0.00	2985.39	
5.90	0.00	2996.91	
5.91	0.00	3008.45	
5.92	0.00	3020.02	
5.93	0.00	3031.60	
5.94	0.00	3043.20	
5.95	0.00	3054.83	
5.96	0.00	3066.47	
5.97	0.00	3078.14	
5.98	0.00	3089.82	
5.99	0.00	3101.52	
6.00	0.00	3113.25	
6.01	0.00	3124.99	
6.02	0.00	3136.76	
6.03	0.00	3148.54	
6.04	0.00	3160.35	
6.05	0.00	3172.18	
6.06	0.00	3184.02	
6.07	0.00	3195.89	
6.08	0.00	3207.77	
6.09	0.00	3219.68	
6.10	0.00	3231.61	
6.11	0.00	3243.55	
6.12	0.00	3255.52	
6.13	0.00	3267.51	
6.14	0.00	3279.51	
6.15	0.00	3291.54	
6.16	0.00	3303.59	
6.17	0.00	3315.65	
6.18	0.00	3327.74	
6.19	0.00	3339.85	
6.20	0.00	3351.97	
6.21	0.00	3364.12	
6.22	0.00	3376.29	
6.23	0.00	3388.48	
6.24	0.00	3400.68	
6.25	0.00	3412.91	
6.26	0.00	3425.16	
6.27	0.00	3437.43	
6.28	0.00	3449.71	
6.29	0.00	3462.02	
6.30	0.00	3474.35	
6.31	0.00	3486.70	
6.32	0.00	3499.06	
6.33	0.00	3511.45	
6.34	0.00	3523.86	
6.35	0.00	3536.28	
6.36	0.00	3548.73	
6.37	0.00	3561.20	
6.38	0.00	3573.69	
6.39	0.00	3586.19	
6.40	0.00	3598.72	
6.41	0.00	3611.27	
6.42	0.00	3623.83	
6.43	0.00	3636.42	
6.44	0.00	3649.03	
6.45	0.00	3661.66	
6.46	0.00	3674.30	
6.47	0.00	3686.97	
6.48	0.00	3699.65	
6.49	0.00	3712.36	
6.50	0.00	3725.09	
6.51	0.00	3737.83	
6.52	0.00	3750.60	
6.53	0.00	3763.39	
6.54	0.00	3776.19	
6.55	0.00	3789.02	
6.56	0.00	3801.86	
6.57	0.00	3814.73	
6.58	0.00	3827.61	
6.59	0.00	3840.52	
6.60	0.00	3853.44	
6.61	0.00	3866.39	
6.62	0.00	3879.35	
6.63	0.00	3892.33	
6.64	0.00	3905.34	
6.65	0.00	3918.36	
6.66	0.00	3931.40	
6.67	0.00	3944.47	
6.68	0.00	3957.55	
6.69	0.00	3970.65	
6.70	0.00	3983.78	
6.71	0.00	3996.92	
6.72	0.00	4010.08	
6.73	0.00	4023.26	
6.74	0.00	4036.46	
6.75	0.00	4049.68	
6.76	0.00	4062.93	
6.77	0.00	4076.19	
6.78	0.00	4089.47	
6.79	0.00	4102.77	
6.80	0.00	4116.09	
6.81	0.00	4129.43	
6.82	0.00	4142.78	
6.83	0.00	4156.16	
6.84	0.00	4169.56	
6.85	0.00	4182.98	
6.86	0.00	4196.42	
6.87	0.00	4209.88	
6.88	0.00	4223.35	
6.89	0.00	4236.85	
6.90	0.00	4250.37	
6.91	0.00	4263.90	
6.92	0.00	4277.46	
6.93	0.00	4291.03	
6.94	0.00	4304.63	
6.95	0.00	4318.24	
6.96	0.00	4331.88	
6.97	0.00	4345.53	
6.98	0.00	4359.21	
6.99	0.00	4372.90	
7.00	0.00	4386.61	
7.01	0.00	4400.34	
7.02	0.00	4414.10	
7.03	0.00	4427.87	
7.04	0.00	4441.66	
7.05	0.00	4455.47	
7.06	0.00	4469.30	
7.07	0.00	4483.15	
7.08	0.00	4497.02	
7.09	0.00	4510.91	
7.10	0.00	4524.82	
7.11	0.00	4538.74	
7.12	0.00	4552.69	
7.13	0.00	4566.66	
7.14	0.00	4580.64	
7.15	0.00	4594.65	
7.16	0.00	4608.68	
7.17	0.00	4622.72	
7.18	0.00	4636.79	
7.19	0.00	4650.87	
7.20	0.00	4664.97	
7.21	0.00	4679.10	
7.22	0.00	4693.24	
7.23	0.00	4707.40	
7.24	0.00	4721.58	
7.25	0.00	4735.78	
7.26	0.00	4750.00	
7.27	0.00	4764.24	
7.28	0.00	4778.50	
7.29	0.00	4792.78	
7.30	0.00	4807.08	
7.31	0.00	4821.40	
7.32	0.00	4835.73	
7.33	0.00	4850.09	
7.34	0.00	4864.47	
7.35	0.00	4878.86	
7.36	0.00	4893.28	
7.37	0.00	4907.71	
7.38	0.00	4922.16	
7.39	0.00	4936.64	
7.40	0.00	4951.13	
7.41	0.00	4965.64	
7.42	0.00	4980.17	
7.43	0.00	4994.72	
7.44	0.00	5009.29	
7.45	0.00	5023.88	
7.46	0.00	5038.49	
7.47	0.00	5053.12	
7.48	0.00	5067.76	
7.49	0.00	5082.43	
7.50	0.00	5097.12	
7.51	0.00	5111.82	
7.52	0.00	5126.55	
7.53	0.00	5141.29	
7.54	0.00	5156.05	
7.55	0.00	5170.84	
7.56	0.00	5185.64	
7.57	0.00	5200.46	
7.58	0.00	5215.30	
7.59	0.00	5230.16	
7.60	0.00	5245.04	
7.61	0.00	5259.94	
7.62	0.00	5274.85	
7.63	0.00	5289.79	
7.64	0.00	5304.75	
7.65	0.00	5319.72	
7.66	0.00	5334.72	
7.67	0.00	5349.73	
7.68	0.00	5364.76	
7.69	0.00	5379.82	
7.70	0.00	5394.89	
7.71	0.00	5409.98	
7.72	0.00	5425.09	
7.73	0.00	5440.22	
7.74	0.00	5455.37	
7.75	0.00	5470.54	
7.76	0.00	5485.72	
7.77	0.00	5500.93	
7.78	0.00	5516.15	
7.79	0.00	5531.40	
7.80	0.00	5546.66	
7.81	0.00	5561.95	
7.82	0.00	5577.25	
7.83	0.00	5592.57	
7.84	0.00	5607.91	
7.85	0.00	5623.27	
7.86	0.00	5638.65	
7.87	0.00	5654.05	
7.88	0.00	5669.46	
7.89	0.00	5684.90	
7.90	0.00	5700.36	
7.91	0.00	5715.83	
7.92	0.00	5731.32	
7.93	0.00	5746.84	
7.94	0.00	5762.37	
7.95	0.00	5777.92	
7.96	0.00	5793.49	
7.97	0.00	5809.08	
7.98	0.00	5824.69	
7.99	0.00	5840.32	
8.00	0.00	5855.96	
8.01	0.00	5871.63	
8.02	0.00	5887.32	
8.03	0.00	5903.02	
8.04	0.00	5918.74	
8.05	0.00	5934.49	
8.06	0.00	5950.25	
8.07	0.00	5966.03	
8.08	0.00	5981.83	
8.09	0.00	5997.65	
8.10	0.00	6013.48	
8.11	0.00	6029.34	
8.12	0.00	6045.22	
8.13	0.00	6061.11	
8.14	0.00	6077.02	
8.15	0.00	6092.96	
8.16	0.00	6108.91	
8.17	0.00	6124.88	
8.18	0.00	6140.87	
8.19	0.00	6156.88	
8.20	0.00	6172.91	
8.21	0.00	6188.95	
8.22	0.00	6205.02	
8.23	0.00	6221.11	
8.24	0.00	6237.21	
8.25	0.00	6253.33	
8.26	0.00	6269.47	
8.27	0.00	6285.64	
8.28	0.00	6301.82	
8.29	0.00	6318.01	
8.30	0.00	6334.23	
8.31	0.00	6350.47	
8.32	0.00	6366.73	
8.33	0.00	6383.00	
8.34	0.00	6399.29	
8.35	0.00	6415.61	
8.36	0.00	6431.94	
8.37	0.00	6448.29	
8.38	0.00	6464.66	
8.39	0.00	6481.05	
8.40	0.00	6497.46	
8.41	0.00	6513.88	
8.42	0.00	6530.33	
8.43	0.00	6546.79	
8.44	0.00	6563.28	
8.45	0.00	6579.78	
8.46	0.00	6596.30	
8.47	0.00	6612.84	
8.48	0.00	6629.40	
8.49	0.00	6645.97	
8.50	0.00	6662.57	
8.51	0.00	6679.19	
8.52	0.00	6695.82	
8.53	0.00	6712.47	
8.54	0.00	6729.15	
8.55	0.00	6745.84	
8.56	0.00	6762.55	
8.57	0.00	6779.28	
8.58	0.00	6796.02	
8.59	0.00	6812.79	
8.60	0.00	6829.58	
8.61	0.00	6846.38	
8.62	0.00	6863.20	
8.63	0.00	6880.05	
8.64	0.00	6896.91	
8.65	0.00	6913.79	
8.66	0.00	6930.68	
8.67	0.00	6947.60	
8.68	0.00	6964.54	
8.69	0.00	6981.49	
8.70	0.00	6998.47	
8.71	0.00	7015.46	
8.72	0.00	7032.47	
8.73	0.00	7049.50	
8.74	0.00	7066.55	
8.75	0.00	7083.62	
8.76	0.00	7100.70	
8.77	0.00	7117.81	
8.78	0.00	7134.93	
8.79	0.00	7152.07	
8.80	0.00	7169.24	
8.81	0.00	7186.42	
8.82	0.00	7203.62	
8.83	0.00	7220.83	
8.84	0.00	7238.07	
8.85	0.00	7255.33	
8.86	0.00	7272.60	
8.87	0.00	7289.89	
8.88	0.00	7307.20	
8.89	0.00	7324.53	
8.90	0.00	7341.88	
8.91	0.00	7359.25	
8.92	0.00	7376.64	
8.93	0.00	7394.04	
8.94	0.00	7411.47	
8.95	0.00	7428.91	
8.96	0.00	7446.37	
8.97	0.00	7463.85	
8.98	0.00	7481.35	
8.99	0.00	7498.87	
9.00	0.00	7516.40	
9.01	0.00	7533.96	
9.02	0.00	7551.53	
9.03	0.00	7569.12	
9.04	0.00	7586.73	
9.05	0.00	7604.36	
9.06	0.00	7622.01	
9.07	0.00	7639.68	
9.08	0.00	7657.36	
9.09	0.00	7675.07	
9.10	0.00	7692.79	
9.11	0.00	7710.53	
9.12	0.00	7728.29	
9.13	0.00	7746.07	
9.14	0.00	7763.87	
9.15	0.00	7781.69	
9.16	0.00	7799.52	
9.17	0.00	7817.37	
9.18	0.00	7835.25	
9.19	0.00	7853.14	
9.20	0.00	7871.05	
9.21	0.00	7888.97	
9.22	0.00	7906.92	
9.23	0.00	7924.89	
9.24	0.00	7942.87	
9.25	0.00	7960.87	
9.26	0.00	7978.89	
9.27	0.00	7996.93	
9.28	0.00	8014.99	
9.29	0.00	8033.07	
9.30	0.00	8051.16	
9.31	0.00	8069.28	
9.32	0.00	8087.41	
9.33	0.00	8105.56	
9.34	0.00	8123.73	
9.35	0.00	8141.92	
9.36	0.00	8160.12	
9.37	0.00	8178.35	
9.38	0.00	8196.59	
9.39	0.00	8214.86	
9.40	0.00	8233.14	
9.41	0.00	8251.44	
9.42	0.00	8269.75	
9.43	0.00	8288.09	
9.44	0.00	8306.44	
9.45	0.00	8324.82	
9.46	0.00	8343.21	
9.47	0.00	8361.62	
9.48	0.00	8380.05	
9.49	0.00	8398.50	
9.50	0.00	8416.96	
9.51	0.00	8435.45	
9.52	0.00	8453.95	
9.53	0.00	8472.47	
9.54	0.00	8491.01	
9.55	0.00	8509.57	
9.56	0.00	8528.15	
9.57	0.00	8546.74	
9.58	0.00	8565.36	
9.59	0.00	8583.99	
9.60	0.00	8602.64	
9.61	0.00	8621.31	
9.62	0.00	8640.00	*
9.63	0.00	8660.81	
9.64	0.00	8681.65	
9.65	0.00	8702.52	
9.66	0.00	8723.41	
9.67	0.00	8744.32	
9.68	0.00	8765.26	
9.69	0.00	8786.23	
9.70	0.00	8807.22	
9.71	0.00	8828.24	
9.72	0.00	8849.29	
9.73	0.00	8870.36	
9.74	0.00	8891.45	
9.75	0.00	8912.57	
9.76	0.00	8933.72	
9.77	0.00	8954.89	
9.78	0.00	8976.09	
9.79	0.00	8997.31	
9.80	0.00	9018.56	
9.81	0.00	9039.83	
9.82	0.00	9061.13	
9.83	0.00	9082.46	
9.84	0.00	9103.81	
9.85	0.00	9125.19	
9.86	0.00	9146.59	
9.87	0.00	9168.02	
9.88	0.00	9189.47	
9.89	0.00	9210.95	
9.90	0.00	9232.46	
9.91	0.00	9253.99	
9.92	0.00	9275.54	
9.93	0.00	9297.13	
9.94	0.00	9318.73	
9.95	0.00	9340.37	
9.96	0.00	9362.03	
9.97	0.00	9383.71	
9.98	0.00	9405.42	
9.99	0.00	9427.16	
10.00	0.00	9448.92	
10.01	0.00	9470.71	
10.02	0.00	9492.52	
10.03	0.00	9514.36	
10.04	0.00	9536.22	
10.05	0.00	9558.11	
10.06	0.00	9580.03	
10.07	0.00	9601.97	
10.08	0.00	9623.94	
10.09	0.00	9645.93	
10.10	0.00	9667.95	
10.11	0.00	9689.99	
10.12	0.00	9712.06	
10.13	0.00	9734.16	
10.14	0.00	9756.28	
10.15	0.00	9778.42	
10.16	0.00	9800.60	
10.17	0.00	9822.80	
10.18	0.00	9845.02	
10.19	0.00	9867.27	
10.20	0.00	9889.54	
10.21	0.00	9911.84	
10.22	0.00	9934.17	
10.23	0.00	9956.52	
10.24	0.00	9978.90	
10.25	0.00	10001.30	
10.26	0.00	10023.73	
10.27	0.00	10046.19	
10.28	0.00	10068.67	
10.29	0.00	10091.18	
10.30	0.00	10113.71	
10.31	0.00	10136.26	
10.32	0.00	10158.85	
10.33	0.00	10181.46	
10.34	0.00	10204.09	
10.35	0.00	10226.75	
10.36	0.00	10249.44	
10.37	0.00	10272.15	
10.38	0.00	10294.89	
10.39	0.00	10317.65	
10.40	0.00	10340.44	
10.41	0.00	10363.26	
10.42	0.00	10386.10	
10.43	0.00	10408.96	
10.44	0.00	10431.85	
10.45	0.00	10454.77	
10.46	0.00	10477.71	
10.47	0.00	10500.68	
10.48	0.00	10523.68	
10.49	0.00	10546.70	
10.50	0.00	10569.75	
10.51	0.00	10592.82	
10.52	0.00	10615.91	
10.53	0.00	10639.04	
10.54	0.00	10662.19	
10.55	0.00	10685.36	
10.56	0.00	10708.56	
10.57	0.00	10731.79	
10.58	0.00	10755.04	
10.59	0.00	10778.32	
10.60	0.00	10801.62	
10.61	0.00	10824.95	
10.62	0.00	10848.31	
10.63	0.00	10871.69	
10.64	0.00	10895.09	
10.65	0.00	10918.53	
10.66	0.00	10941.98	
10.67	0.00	10965.47	
10.68	0.00	10988.98	
10.69	0.00	11012.51	
10.70	0.00	11036.07	
10.71	0.00	11059.66	
10.72	0.00	11083.27	
10.73	0.00	11106.91	
10.74	0.00	11130.57	
10.75	0.00	11154.26	
10.76	0.00	11177.98	
10.77	0.00	11201.72	
10.78	0.00	11225.49	
10.79	0.00	11249.28	
10.80	0.00	11273.10	
10.81	0.00	11296.94	
10.82	0.00	11320.81	
10.83	0.00	11344.71	
10.84	0.00	11368.63	
10.85	0.00	11392.58	
10.86	0.00	11416.55	
10.87	0.00	11440.55	
10.88	0.00	11464.57	
10.89	0.00	11488.62	
10.90	0.00	11512.70	
10.91	0.00	11536.80	
10.92	0.00	11560.93	
10.93	0.00	11585.08	
10.94	0.00	11609.26	
10.95	0.00	11633.47	
10.96	0.00	11657.70	
10.97	0.00	11681.95	
10.98	0.00	11706.23	
10.99	0.00	11730.54	
11.00	0.00	11754.88	
11.01	0.00	11779.24	
11.02	0.00	11803.62	
11.03	0.00	11828.03	
11.04	0.00	11852.47	
11.05	0.00	11876.93	
11.06	0.00	11901.42	
11.07	0.00	11925.94	
11.08	0.00	11950.48	
11.09	0.00	11975.04	
11.10	0.00	11999.63	
11.11	0.00	12024.25	
11.12	0.00	12048.89	
11.13	0.00	12073.56	
11.14	0.00	12098.26	
11.15	0.00	12122.98	
11.16	0.00	12147.73	
11.17	0.00	12172.50	
11.18	0.00	12197.30	
11.19	0.00	12222.12	
11.20	0.00	12246.97	
11.21	0.00	12271.85	
11.22	0.00	12296.75	
11.23	0.00	12321.67	
11.24	0.00	12346.63	
11.25	0.00	12371.61	
11.26	0.00	12396.61	
11.27	0.00	12421.64	
11.28	0.00	12446.70	
11.29	0.00	12471.78	
11.30	0.00	12496.89	
11.31	0.00	12522.02	
11.32	0.00	12547.18	
11.33	0.00	12572.37	
11.34	0.00	12597.58	
11.35	0.00	12622.81	
11.36	0.00	12648.08	
11.37	0.00	12673.37	
11.38	0.00	12698.68	
11.39	0.00	12724.02	
11.40	0.00	12749.39	
11.41	0.00	12774.78	
11.42	0.00	12800.20	
11.43	0.00	12825.64	
11.44	0.00	12851.11	
11.45	0.00	12876.60	
11.46	0.00	12902.13	
11.47	0.00	12927.67	
11.48	0.00	12953.25	
11.49	0.00	12978.84	
11.50	0.00	13004.47	
11.51	0.00	13030.12	
11.52	0.00	13055.80	
11.53	0.00	13081.50	
11.54	0.00	13107.23	
11.55	0.00	13132.98	
11.56	0.00	13158.76	
11.57	0.00	13184.56	
11.58	0.00	13210.40	
11.59	0.00	13236.25	
11.60	0.00	13262.14	
11.61	0.00	13288.04	
11.62	0.00	13313.98	
11.63	0.00	13339.94	
11.64	0.00	13365.93	
11.65	0.00	13391.94	
11.66	0.00	13417.98	
11.67	0.00	13444.04	
11.68	0.00	13470.13	
11.69	0.00	13496.25	
11.70	0.00	13522.39	
11.71	0.00	13548.56	
11.72	0.00	13574.75	
11.73	0.00	13600.97	
11.74	0.00	13627.21	
11.75	0.00	13653.48	
11.76	0.00	13679.78	
11.77	0.00	13706.10	
11.78	0.00	13732.45	
11.79	0.00	13758.83	
11.80	0.00	13785.23	
11.81	0.00	13811.65	
11.82	0.00	13838.11	
11.83	0.00	13864.58	
11.84	0.00	13891.09	
11.85	0.00	13917.62	
11.86	0.00	13944.17	
11.87	0.00	13970.75	
11.88	0.00	13997.36	
11.89	0.00	14023.99	
11.90	0.00	14050.65	
11.91	0.00	14077.34	
11.92	0.00	14104.05	
11.93	0.00	14130.79	
11.94	0.00	14157.55	
11.95	0.00	14184.34	
11.96	0.00	14211.15	
11.97	0.00	14237.99	
11.98	0.00	14264.86	
11.99	0.00	14291.75	
12.00	0.00	14318.67	
12.01	0.00	14345.61	
12.02	0.00	14372.58	
12.03	0.00	14399.58	
12.04	0.00	14426.60	
12.05	0.00	14453.65	
12.06	0.00	14480.72	
12.07	0.00	14507.82	
12.08	0.00	14534.95	
12.09	0.00	14562.10	
12.10	0.00	14589.28	
12.11	0.00	14616.48	
12.12	0.00	14643.71	
12.13	0.00	14670.96	
12.14	0.00	14698.24	
12.15	0.00	14725.55	
12.16	0.00	14752.88	
12.17	0.00	14780.24	
12.18	0.00	14807.63	
12.19	0.00	14835.04	
12.20	0.00	14862.47	
12.21	0.00	14889.93	
12.22	0.00	14917.42	
12.23	0.00	14944.94	
12.24	0.00	14972.48	
12.25	0.00	15000.04	
12.26	0.00	15027.63	
12.27	0.00	15055.25	
12.28	0.00	15082.90	
12.29	0.00	15110.57	
12.30	0.00	15138.26	
12.31	0.00	15165.98	
12.32	0.00	15193.73	
12.33	0.00	15221.50	
12.34	0.00	15249.30	
12.35	0.00	15277.13	
12.36	0.00	15304.98	
12.37	0.00	15332.86	
12.38	0.00	15360.76	
12.39	0.00	15388.69	
12.40	0.00	15416.64	
12.41	0.00	15444.62	
12.42	0.00	15472.63	
12.43	0.00	15500.66	
12.44	0.00	15528.72	
12.45	0.00	15556.81	
12.46	0.00	15584.92	
12.47	0.00	15613.05	
12.48	0.00	15641.22	
12.49	0.00	15669.41	
12.50	0.00	15697.62	
12.51	0.00	15725.86	
12.52	0.00	15754.13	
12.53	0.00	15782.42	
12.54	0.00	15810.74	
12.55	0.00	15839.08	
12.56	0.00	15867.45	
12.57	0.00	15895.85	
12.58	0.00	15924.27	
12.59	0.00	15952.72	
12.60	0.00	15981.19	
12.61	0.00	16009.69	
12.62	0.00	16038.22	
12.63	0.00	16066.77	
12.64	0.00	16095.35	
12.65	0.00	16123.95	
12.66	0.00	16152.58	
12.67	0.00	16181.24	
12.68	0.00	16209.92	
12.69	0.00	16238.63	
12.70	0.00	16267.36	
12.71	0.00	16296.12	
12.72	0.00	16324.91	
12.73	0.00	16353.72	
12.74	0.00	16382.55	
12.75	0.00	16411.42	
12.76	0.00	16440.31	
12.77	0.00	16469.22	
12.78	0.00	16498.16	
12.79	0.00	16527.13	
12.80	0.00	16556.13	
12.81	0.00	16585.15	
12.82	0.00	16614.19	
12.83	0.00	16643.26	
12.84	0.00	16672.36	
12.85	0.00	16701.48	
12.86	0.00	16730.63	
12.87	0.00	16759.81	
12.88	0.00	16789.01	
12.89	0.00	16818.24	
12.90	0.00	16847.49	
12.91	0.00	16876.77	
12.92	0.00	16906.08	
12.93	0.00	16935.41	
12.94	0.00	16964.76	
12.95	0.00	16994.15	
12.96	0.00	17023.56	
12.97	0.00	17052.99	
12.98	0.00	17082.45	
12.99	0.00	17111.94	
13.00	0.00	17141.45	
13.01	0.00	17170.99	
13.02	0.00	17200.56	
13.03	0.00	17230.15	
13.04	0.00	17259.77	
13.05	0.00	17289.41	
13.06	0.00	17319.08	
13.07	0.00	17348.78	
13.08	0.00	17378.50	
13.09	0.00	17408.25	
13.10	0.00	17438.02	
13.11	0.00	17467.82	
13.12	0.00	17497.64	
13.13	0.00	17527.50	
13.14	0.00	17557.37	
13.15	0.00	17587.28	
13.16	0.00	17617.21	
13.17	0.00	17647.16	
13.18	0.00	17677.14	
13.19	0.00	17707.15	
13.20	0.00	17737.19	
13.21	0.00	17767.25	
13.22	0.00	17797.33	
13.23	0.00	17827.44	
13.24	0.00	17857.58	
13.25	0.00	17887.74	
13.26	0.00	17917.93	
13.27	0.00	17948.15	
13.28	0.00	17978.39	
13.29	0.00	18008.66	
13.30	0.00	18038.95	
13.31	0.00	18069.27	
13.32	0.00	18099.62	
13.33	0.00	18129.99	
13.34	0.00	18160.39	
13.35	0.00	18190.81	
13.36	0.00	18221.27	
13.37	0.00	18251.74	
13.38	0.00	18282.24	
13.39	0.00	18312.77	
13.40	0.00	18343.33	
13.41	0.00	18373.91	
13.42	0.00	18404.51	
13.43	0.00	18435.15	
13.44	0.00	18465.80	
13.45	0.00	18496.49	
13.46	0.00	18527.20	
13.47	0.00	18557.94	
13.48	0.00	18588.70	
13.49	0.00	18619.49	
13.50	0.00	18650.30	
13.51	0.00	18681.14	
13.52	0.00	18712.01	
13.53	0.00	18742.90	
13.54	0.00	18773.82	
13.55	0.00	18804.77	
13.56	0.00	18835.74	
13.57	0.00	18866.74	
13.58	0.00	18897.76	
13.59	0.00	18928.81	
13.60	0.00	18959.89	
13.61	0.00	18990.99	
13.62	0.00	19022.12	
13.63	0.00	19053.27	
13.64	0.00	19084.45	
13.65	0.00	19115.65	
13.66	0.00	19146.89	
13.67	0.00	19178.14	
13.68	0.00	19209.43	
13.69	0.00	19240.74	
13.70	0.00	19272.08	
13.71	0.00	19303.44	
13.72	0.00	19334.83	
13.73	0.00	19366.24	
13.74	0.00	19397.68	
13.75	0.00	19429.15	
13.76	0.00	19460.64	
13.77	0.00	19492.16	
13.78	0.00	19523.70	
13.79	0.00	19555.27	
13.80	0.00	19586.87	
13.81	0.00	19618.49	
13.82	0.00	19650.14	
13.83	0.00	19681.82	
13.84	0.00	19713.52	
13.85	0.00	19745.25	
13.86	0.00	19777.00	
13.87	0.00	19808.78	
13.88	0.00	19840.59	
13.89	0.00	19872.42	
13.90	0.00	19904.28	
13.91	0.00	19936.16	
13.92	0.00	19968.07	
13.93	0.00	20000.01	
13.94	0.00	20031.97	
13.95	0.00	20063.96	
13.96	0.00	20095.97	
13.97	0.00	20128.01	
13.98	0.00	20160.08	
13.99	0.00	20192.17	
14.00	0.00	20224.29	
14.01	0.00	20256.44	
14.02	0.00	20288.61	
14.03	0.00	20320.80	
14.04	0.00	20353.03	
14.05	0.00	20385.28	
14.06	0.00	20417.55	
14.07	0.00	20449.85	
14.08	0.00	20482.18	
14.09	0.00	20514.54	
14.10	0.00	20546.92	
14.11	0.00	20579.32	
14.12	0.00	20611.75	
14.13	0.00	20644.21	
14.14	0.00	20676.70	
14.15	0.00	20709.21	
14.16	0.00	20741.74	
14.17	0.00	20774.31	
14.18	0.00	20806.90	
14.19	0.00	20839.51	
14.20	0.00	20872.15	
14.21	0.00	20904.82	
14.22	0.00	20937.51	
14.23	0.00	20970.23	
14.24	0.00	21002.98	
14.25	0.00	21035.75	
14.26	0.00	21068.55	
14.27	0.00	21101.37	
14.28	0.00	21134.22	
14.29	0.00	21167.10	
14.30	0.00	21200.00	*
14.31	0.00	21233.35	
14.32	0.00	21266.72	
14.33	0.00	21300.13	
14.34	0.00	21333.56	
14.35	0.00	21367.01	
14.36	0.00	21400.50	
14.37	0.00	21434.01	
14.38	0.00	21467.55	
14.39	0.00	21501.12	
14.40	0.00	21534.71	
14.41	0.00	21568.33	
14.42	0.00	21601.98	
14.43	0.00	21635.65	
14.44	0.00	21669.35	
14.45	0.00	21703.08	
14.46	0.00	21736.84	
14.47	0.00	21770.62	
14.48	0.00	21804.43	
14.49	0.00	21838.27	
14.50	0.00	21872.13	
14.51	0.00	21906.02	
14.52	0.00	21939.94	
14.53	0.00	21973.89	
14.54	0.00	22007.86	
14.55	0.00	22041.86	
14.56	0.00	22075.89	
14.57	0.00	22109.94	
14.58	0.00	22144.02	
14.59	0.00	22178.13	
14.60	0.00	22212.27	
14.61	0.00	22246.43	
14.62	0.00	22280.62	
14.63	0.00	22314.84	
14.64	0.00	22349.08	
14.65	0.00	22383.35	
14.66	0.00	22417.65	
14.67	0.00	22451.98	
14.68	0.00	22486.33	
14.69	0.00	22520.71	
14.70	0.00	22555.12	
14.71	0.00	22589.56	
14.72	0.00	22624.02	
14.73	0.00	22658.51	
14.74	0.00	22693.02	
14.75	0.00	22727.57	
14.76	0.00	22762.14	
14.77	0.00	22796.74	
14.78	0.00	22831.36	
14.79	0.00	22866.01	
14.80	0.00	22900.69	
14.81	0.00	22935.40	
14.82	0.00	22970.13	
14.83	0.00	23004.90	
14.84	0.00	23039.68	
14.85	0.00	23074.50	
14.86	0.00	23109.34	
14.87	0.00	23144.21	
14.88	0.00	23179.11	
14.89	0.00	23214.03	
14.90	0.00	23248.99	
14.91	0.00	23283.97	
14.92	0.00	23318.97	
14.93	0.00	23354.00	
14.94	0.00	23389.07	
14.95	0.00	23424.15	
14.96	0.00	23459.27	
14.97	0.00	23494.41	
14.98	0.00	23529.58	
14.99	0.00	23564.78	
15.00	0.00	23600.00	*
15.01	0.00	23637.39	
15.02	0.00	23674.82	
15.03	0.00	23712.28	
15.04	0.00	23749.77	
15.05	0.00	23787.30	
15.06	0.00	23824.85	
15.07	0.00	23862.44	
15.08	0.00	23900.06	
15.09	0.00	23937.72	
15.10	0.00	23975.40	
15.11	0.00	24013.12	
15.12	0.00	24050.87	
15.13	0.00	24088.65	
15.14	0.00	24126.47	
15.15	0.00	24164.32	
15.16	0.00	24202.19	
15.17	0.00	24240.11	
15.18	0.00	24278.05	
15.19	0.00	24316.03	
15.20	0.00	24354.04	
15.21	0.00	24392.08	
15.22	0.00	24430.15	
15.23	0.00	24468.26	
15.24	0.00	24506.40	
15.25	0.00	24544.57	
15.26	0.00	24582.77	
15.27	0.00	24621.01	
15.28	0.00	24659.27	
15.29	0.00	24697.57	
15.30	0.00	24735.91	
15.31	0.00	24774.27	
15.32	0.00	24812.67	
15.33	0.00	24851.10	
15.34	0.00	24889.56	
15.35	0.00	24928.06	
15.36	0.00	24966.59	
15.37	0.00	25005.14	
15.38	0.00	25043.74	
15.39	0.00	25082.36	
15.40	0.00	25121.02	
15.41	0.00	25159.71	
15.42	0.00	25198.43	
15.43	0.00	25237.19	
15.44	0.00	25275.97	
15.45	0.00	25314.79	
15.46	0.00	25353.64	
15.47	0.00	25392.53	
15.48	0.00	25431.44	
15.49	0.00	25470.39	
15.50	0.00	25509.38	
15.51	0.00	25548.39	
15.52	0.00	25587.44	
15.53	0.00	25626.52	
15.54	0.00	25665.63	
15.55	0.00	25704.77	
15.56	0.00	25743.95	
15.57	0.00	25783.16	
15.58	0.00	25822.40	
15.59	0.00	25861.68	
15.60	0.00	25900.98	
15.61	0.00	25940.32	
15.62	0.00	25979.69	
15.63	0.00	26019.10	
15.64	0.00	26058.54	
15.65	0.00	26098.01	
15.66	0.00	26137.51	
15.67	0.00	26177.04	
15.68	0.00	26216.61	
15.69	0.00	26256.21	
15.70	0.00	26295.84	
15.71	0.00	26335.51	
15.72	0.00	26375.21	
15.73	0.00	26414.94	
15.74	0.00	26454.70	
15.75	0.00	26494.50	
15.76	0.00	26534.33	
15.77	0.00	26574.19	
15.78	0.00	26614.08	
15.79	0.00	26654.01	
15.80	0.00	26693.96	
15.81	0.00	26733.96	
15.82	0.00	26773.98	
15.83	0.00	26814.04	
15.84	0.00	26854.13	
15.85	0.00	26894.25	
15.86	0.00	26934.40	
15.87	0.00	26974.59	
15.88	0.00	27014.81	
15.89	0.00	27055.06	
15.90	0.00	27095.35	
15.91	0.00	27135.67	
15.92	0.00	27176.02	
15.93	0.00	27216.40	
15.94	0.00	27256.82	
15.95	0.00	27297.27	
15.96	0.00	27337.75	
15.97	0.00	27378.26	
15.98	0.00	27418.81	
15.99	0.00	27459.39	
16.00	0.00	27500.00	*
16.01	0.00	27543.08	
16.02	0.00	27586.20	
16.03	0.00	27629.36	
16.04	0.00	27672.55	
16.05	0.00	27715.79	
16.06	0.00	27759.06	
16.07	0.00	27802.37	
16.08	0.00	27845.72	
16.09	0.00	27889.11	
16.10	0.00	27932.54	
16.11	0.00	27976.01	
16.12	0.00	28019.51	
16.13	0.00	28063.05	
16.14	0.00	28106.64	
16.15	0.00	28150.26	
16.16	0.00	28193.92	
16.17	0.00	28237.61	
16.18	0.00	28281.35	
16.19	0.00	28325.12	
16.20	0.00	28368.94	
16.21	0.00	28412.79	
16.22	0.00	28456.68	
16.23	0.00	28500.61	
16.24	0.00	28544.58	
16.25	0.00	28588.59	
16.26	0.00	28632.63	
16.27	0.00	28676.72	
16.28	0.00	28720.84	
16.29	0.00	28765.00	
16.30	0.00	28809.20	
16.31	0.00	28853.44	
16.32	0.00	28897.72	
16.33	0.00	28942.04	
16.34	0.00	28986.39	
16.35	0.00	29030.79	
16.36	0.00	29075.22	
16.37	0.00	29119.69	
16.38	0.00	29164.20	
16.39	0.00	29208.75	
16.40	0.00	29253.34	
16.41	0.00	29297.97	
16.42	0.00	29342.63	
16.43	0.00	29387.34	
16.44	0.00	29432.08	
16.45	0.00	29476.87	
16.46	0.00	29521.69	
16.47	0.00	29566.55	
16.48	0.00	29611.45	
16.49	0.00	29656.38	
16.50	0.00	29701.36	
16.51	0.00	29746.38	
16.52	0.00	29791.43	
16.53	0.00	29836.53	
16.54	0.00	29881.66	
16.55	0.00	29926.83	
16.56	0.00	29972.04	
16.57	0.00	30017.29	
16.58	0.00	30062.58	
16.59	0.00	30107.91	
16.60	0.00	30153.27	
16.61	0.00	30198.68	
16.62	0.00	30244.12	
16.63	0.00	30289.61	
16.64	0.00	30335.13	
16.65	0.00	30380.69	
16.66	0.00	30426.29	
16.67	0.00	30471.93	
16.68	0.00	30517.61	
16.69	0.00	30563.33	
16.70	0.00	30609.09	
16.71	0.00	30654.88	
16.72	0.00	30700.72	
16.73	0.00	30746.59	
16.74	0.00	30792.50	
16.75	0.00	30838.46	
16.76	0.00	30884.45	
16.77	0.00	30930.48	
16.78	0.00	30976.55	
16.79	0.00	31022.66	
16.80	0.00	31068.80	
16.81	0.00	31114.99	
16.82	0.00	31161.22	
16.83	0.00	31207.48	
16.84	0.00	31253.79	
16.85	0.00	31300.13	
16.86	0.00	31346.52	
16.87	0.00	31392.94	
16.88	0.00	31439.40	
16.89	0.00	31485.90	
16.90	0.00	31532.44	
16.91	0.00	31579.02	
16.92	0.00	31625.64	
16.93	0.00	31672.30	
16.94	0.00	31718.99	
16.95	0.00	31765.73	
16.96	0.00	31812.50	
16.97	0.00	31859.32	
16.98	0.00	31906.17	
16.99	0.00	31953.07	
17.00	0.00	32000.00	*
17.01	0.00	32047.03	
17.02	0.00	32094.11	
17.03	0.00	32141.22	
17.04	0.00	32188.37	
17.05	0.00	32235.56	
17.06	0.00	32282.79	
17.07	0.00	32330.06	
17.08	0.00	32377.37	
17.09	0.00	32424.72	
17.10	0.00	32472.11	
17.11	0.00	32519.53	
17.12	0.00	32567.00	
17.13	0.00	32614.51	
17.14	0.00	32662.05	
17.15	0.00	32709.64	
17.16	0.00	32757.27	
17.17	0.00	32804.93	
17.18	0.00	32852.64	
17.19	0.00	32900.38	
17.20	0.00	32948.17	
17.21	0.00	32995.99	
17.22	0.00	33043.85	
17.23	0.00	33091.76	
17.24	0.00	33139.70	
17.25	0.00	33187.68	
17.26	0.00	33235.70	
17.27	0.00	33283.77	
17.28	0.00	33331.87	
17.29	0.00	33380.01	
17.30	0.00	33428.19	
17.31	0.00	33476.41	
17.32	0.00	33524.67	
17.33	0.00	33572.97	
17.34	0.00	33621.31	
17.35	0.00	33669.69	
17.36	0.00	33718.11	
17.37	0.00	33766.57	
17.38	0.00	33815.07	
17.39	0.00	33863.61	
17.40	0.00	33912.18	
17.41	0.00	33960.80	
17.42	0.00	34009.46	
17.43	0.00	34058.16	
17.44	0.00	34106.90	
17.45	0.00	34155.67	
17.46	0.00	34204.49	
17.47	0.00	34253.35	
17.48	0.00	34302.24	
17.49	0.00	34351.18	
17.50	0.00	34400.16	
17.51	0.00	34449.17	
17.52	0.00	34498.23	
17.53	0.00	34547.33	
17.54	0.00	34596.46	
17.55	0.00	34645.64	
17.56	0.00	34694.86	
17.57	0.00	34744.11	
17.58	0.00	34793.41	
17.59	0.00	34842.74	
17.60	0.00	34892.12	
17.61	0.00	34941.54	
17.62	0.00	34990.99	
17.63	0.00	35040.49	
17.64	0.00	35090.02	
17.65	0.00	35139.60	
17.66	0.00	35189.21	
17.67	0.00	35238.87	
17.68	0.00	35288.56	
17.69	0.00	35338.30	
17.70	0.00	35388.08	
17.71	0.00	35437.89	
17.72	0.00	35487.75	
17.73	0.00	35537.64	
17.74	0.00	35587.58	
17.75	0.00	35637.56	
17.76	0.00	35687.57	
17.77	0.00	35737.63	
17.78	0.00	35787.72	
17.79	0.00	35837.86	
17.80	0.00	35888.04	
17.81	0.00	35938.25	
17.82	0.00	35988.51	
17.83	0.00	36038.81	
17.84	0.00	36089.14	
17.85	0.00	36139.52	
17.86	0.00	36189.94	
17.87	0.00	36240.40	
17.88	0.00	36290.89	
17.89	0.00	36341.43	
17.90	0.00	36392.01	
17.91	0.00	36442.63	
17.92	0.00	36493.28	
17.93	0.00	36543.98	
17.94	0.00	36594.72	
17.95	0.00	36645.50	
17.96	0.00	36696.32	
17.97	0.00	36747.18	
17.98	0.00	36798.08	
17.99	0.00	36849.02	
18.00	0.00	36900.00	*
18.01	0.00	36954.80	
18.02	0.00	37009.64	
18.03	0.00	37064.54	
18.04	0.00	37119.48	
18.05	0.00	37174.47	
18.06	0.00	37229.52	
18.07	0.00	37284.61	
18.08	0.00	37339.75	
18.09	0.00	37394.93	
18.10	0.00	37450.17	
18.11	0.00	37505.46	
18.12	0.00	37560.79	
18.13	0.00	37616.18	
18.14	0.00	37671.61	
18.15	0.00	37727.09	
18.16	0.00	37782.62	
18.17	0.00	37838.21	
18.18	0.00	37893.84	
18.19	0.00	37949.51	
18.20	0.00	38005.24	
18.21	0.00	38061.02	
18.22	0.00	38116.85	
18.23	0.00	38172.72	
18.24	0.00	38228.65	
18.25	0.00	38284.62	
18.26	0.00	38340.64	
18.27	0.00	38396.71	
18.28	0.00	38452.84	
18.29	0.00	38509.01	
18.30	0.00	38565.23	
18.31	0.00	38621.50	
18.32	0.00	38677.82	
18.33	0.00	38734.18	
18.34	0.00	38790.60	
18.35	0.00	38847.07	
18.36	0.00	38903.58	
18.37	0.00	38960.15	
18.38	0.00	39016.76	
18.39	0.00	39073.43	
18.40	0.00	39130.14	
18.41	0.00	39186.91	
18.42	0.00	39243.72	
18.43	0.00	39300.58	
18.44	0.00	39357.49	
18.45	0.00	39414.45	
18.46	0.00	39471.46	
18.47	0.00	39528.52	
18.48	0.00	39585.63	
18.49	0.00	39642.79	
18.50	0.00	39700.00	*
18.51	0.00	39760.17	
18.52	0.00	39820.39	
18.53	0.00	39880.68	
18.54	0.00	39941.02	
18.55	0.00	40001.41	
18.56	0.00	40061.86	
18.57	0.00	40122.37	
18.58	0.00	40182.94	
18.59	0.00	40243.56	
18.60	0.00	40304.24	
18.61	0.00	40364.97	
18.62	0.00	40425.76	
18.63	0.00	40486.61	
18.64	0.00	40547.52	
18.65	0.00	40608.48	
18.66	0.00	40669.50	
18.67	0.00	40730.57	
18.68	0.00	40791.71	
18.69	0.00	40852.90	
18.70	0.00	40914.14	
18.71	0.00	40975.45	
18.72	0.00	41036.81	
18.73	0.00	41098.22	
18.74	0.00	41159.70	
18.75	0.00	41221.23	
18.76	0.00	41282.82	
18.77	0.00	41344.46	
18.78	0.00	41406.17	
18.79	0.00	41467.92	
18.80	0.00	41529.74	
18.81	0.00	41591.61	
18.82	0.00	41653.55	
18.83	0.00	41715.53	
18.84	0.00	41777.58	
18.85	0.00	41839.68	
18.86	0.00	41901.84	
18.87	0.00	41964.06	
18.88	0.00	42026.33	
18.89	0.00	42088.66	
18.90	0.00	42151.05	
18.91	0.00	42213.50	
18.92	0.00	42276.00	
18.93	0.00	42338.56	
18.94	0.00	42401.18	
18.95	0.00	42463.85	
18.96	0.00	42526.59	
18.97	0.00	42589.38	
18.98	0.00	42652.23	
18.99	0.00	42715.13	
19.00	0.00	42778.09	
19.01	0.00	42841.11	
19.02	0.00	42904.19	
19.03	0.00	42967.33	
19.04	0.00	43030.52	
19.05	0.00	43093.77	
19.06	0.00	43157.08	
19.07	0.00	43220.44	
19.08	0.00	43283.87	
19.09	0.00	43347.35	
19.10	0.00	43410.89	
19.11	0.00	43474.49	
19.12	0.00	43538.14	
19.13	0.00	43601.85	
19.14	0.00	43665.62	
19.15	0.00	43729.45	
19.16	0.00	43793.34	
19.17	0.00	43857.28	
19.18	0.00	43921.28	
19.19	0.00	43985.34	
19.20	0.00	44049.46	
19.21	0.00	44113.63	
19.22	0.00	44177.86	
19.23	0.00	44242.16	
19.24	0.00	44306.50	
19.25	0.00	44370.91	
19.26	0.00	44435.38	
19.27	0.00	44499.90	
19.28	0.00	44564.48	
19.29	0.00	44629.12	
19.30	0.00	44693.82	
19.31	0.00	44758.57	
19.32	0.00	44823.39	
19.33	0.00	44888.26	
19.34	0.00	44953.19	
19.35	0.00	45018.18	
19.36	0.00	45083.22	
19.37	0.00	45148.33	
19.38	0.00	45213.49	
19.39	0.00	45278.71	
19.40	0.00	45343.99	
19.41	0.00	45409.33	
19.42	0.00	45474.73	
19.43	0.00	45540.18	
19.44	0.00	45605.69	
19.45	0.00	45671.27	
19.46	0.00	45736.90	
19.47	0.00	45802.58	
19.48	0.00	45868.33	
19.49	0.00	45934.14	
19.50	0.00	46000.00	*
19.51	0.00	46065.96	
19.52	0.00	46131.98	
19.53	0.00	46198.05	
19.54	0.00	46264.19	
19.55	0.00	46330.39	
19.56	0.00	46396.64	
19.57	0.00	46462.95	
19.58	0.00	46529.32	
19.59	0.00	46595.75	
19.60	0.00	46662.24	
19.61	0.00	46728.79	
19.62	0.00	46795.39	
19.63	0.00	46862.06	
19.64	0.00	46928.78	
19.65	0.00	46995.56	
19.66	0.00	47062.40	
19.67	0.00	47129.30	
19.68	0.00	47196.26	
19.69	0.00	47263.28	
19.70	0.00	47330.36	
19.71	0.00	47397.50	
19.72	0.00	47464.69	
19.73	0.00	47531.95	
19.74	0.00	47599.26	
19.75	0.00	47666.63	
19.76	0.00	47734.06	
19.77	0.00	47801.55	
19.78	0.00	47869.10	
19.79	0.00	47936.71	
19.80	0.00	48004.38	
19.81	0.00	48072.11	
19.82	0.00	48139.90	
19.83	0.00	48207.74	
19.84	0.00	48275.65	
19.85	0.00	48343.61	
19.86	0.00	48411.64	
19.87	0.00	48479.72	
19.88	0.00	48547.87	
19.89	0.00	48616.07	
19.90	0.00	48684.33	
19.91	0.00	48752.65	
19.92	0.00	48821.03	
19.93	0.00	48889.47	
19.94	0.00	48957.97	
19.95	0.00	49026.53	
19.96	0.00	49095.15	
19.97	0.00	49163.83	
19.98	0.00	49232.57	
19.99	0.00	49301.36	
20.00	0.00	49370.22	
20.01	0.00	49439.14	
20.02	0.00	49508.11	
20.03	0.00	49577.15	
20.04	0.00	49646.24	
20.05	0.00	49715.40	
20.06	0.00	49784.61	
20.07	0.00	49853.89	
20.08	0.00	49923.22	
20.09	0.00	49992.62	
20.10	0.00	50062.07	
20.11	0.00	50131.59	
20.12	0.00	50201.16	
20.13	0.00	50270.79	
20.14	0.00	50340.49	
20.15	0.00	50410.24	
20.16	0.00	50480.06	
20.17	0.00	50549.93	
20.18	0.00	50619.86	
20.19	0.00	50689.86	
20.20	0.00	50759.91	
20.21	0.00	50830.02	
20.22	0.00	50900.20	
20.23	0.00	50970.43	
20.24	0.00	51040.72	
20.25	0.00	51111.08	
20.26	0.00	51181.49	
20.27	0.00	51251.97	
20.28	0.00	51322.50	
20.29	0.00	51393.09	
20.30	0.00	51463.75	
20.31	0.00	51534.46	
20.32	0.00	51605.24	
20.33	0.00	51676.07	
20.34	0.00	51746.97	
20.35	0.00	51817.93	
20.36	0.00	51888.94	
20.37	0.00	51960.02	
20.38	0.00	52031.16	
20.39	0.00	52102.35	
20.40	0.00	52173.61	
20.41	0.00	52244.93	
20.42	0.00	52316.31	
20.43	0.00	52387.75	
20.44	0.00	52459.25	
20.45	0.00	52530.81	
20.46	0.00	52602.43	
20.47	0.00	52674.11	
20.48	0.00	52745.85	
20.49	0.00	52817.65	
20.50	0.00	52889.52	
20.51	0.00	52961.44	
20.52	0.00	53033.43	
20.53	0.00	53105.47	
20.54	0.00	53177.58	
20.55	0.00	53249.74	
20.56	0.00	53321.97	
20.57	0.00	53394.26	
20.58	0.00	53466.61	
20.59	0.00	53539.02	
20.60	0.00	53611.49	
20.61	0.00	53684.02	
20.62	0.00	53756.61	
20.63	0.00	53829.26	
20.64	0.00	53901.97	
20.65	0.00	53974.75	
20.66	0.00	54047.59	
20.67	0.00	54120.48	
20.68	0.00	54193.44	
20.69	0.00	54266.46	
20.70	0.00	54339.54	
20.71	0.00	54412.68	
20.72	0.00	54485.88	
20.73	0.00	54559.14	
20.74	0.00	54632.46	
20.75	0.00	54705.85	
20.76	0.00	54779.30	
20.77	0.00	54852.80	
20.78	0.00	54926.37	
20.79	0.00	55000.00	*
20.80	0.00	55073.52	
20.81	0.00	55147.10	
20.82	0.00	55220.74	
20.83	0.00	55294.45	
20.84	0.00	55368.21	
20.85	0.00	55442.03	
20.86	0.00	55515.92	
20.87	0.00	55589.87	
20.88	0.00	55663.87	
20.89	0.00	55737.94	
20.90	0.00	55812.07	
20.91	0.00	55886.26	
20.92	0.00	55960.51	
20.93	0.00	56034.83	
20.94	0.00	56109.20	
20.95	0.00	56183.64	
20.96	0.00	56258.13	
20.97	0.00	56332.69	
20.98	0.00	56407.31	
20.99	0.00	56481.99	
21.00	0.00	56556.73	
21.01	0.00	56631.53	
21.02	0.00	56706.39	
21.03	0.00	56781.32	
21.04	0.00	56856.30	
21.05	0.00	56931.35	
21.06	0.00	57006.46	
21.07	0.00	57081.63	
21.08	0.00	57156.86	
21.09	0.00	57232.15	
21.10	0.00	57307.51	
21.11	0.00	57382.92	
21.12	0.00	57458.40	
21.13	0.00	57533.94	
21.14	0.00	57609.54	
21.15	0.00	57685.20	
21.16	0.00	57760.92	
21.17	0.00	57836.71	
21.18	0.00	57912.55	
21.19	0.00	57988.46	
21.20	0.00	58064.43	
21.21	0.00	58140.46	
21.22	0.00	58216.56	
21.23	0.00	58292.71	
21.24	0.00	58368.93	
21.25	0.00	58445.20	
21.26	0.00	58521.54	
21.27	0.00	58597.94	
21.28	0.00	58674.41	
21.29	0.00	58750.93	
21.30	0.00	58827.52	
21.31	0.00	58904.17	
21.32	0.00	58980.88	
21.33	0.00	59057.65	
21.34	0.00	59134.48	
21.35	0.00	59211.38	
21.36	0.00	59288.34	
21.37	0.00	59365.36	
21.38	0.00	59442.44	
21.39	0.00	59519.58	
21.40	0.00	59596.79	
21.41	0.00	59674.05	
21.42	0.00	59751.38	
21.43	0.00	59828.78	
21.44	0.00	59906.23	
21.45	0.00	59983.75	
21.46	0.00	60061.32	
21.47	0.00	60138.96	
21.48	0.00	60216.67	
21.49	0.00	60294.43	
21.50	0.00	60372.26	
21.51	0.00	60450.15	
21.52	0.00	60528.10	
21.53	0.00	60606.11	
21.54	0.00	60684.19	
21.55	0.00	60762.32	
21.56	0.00	60840.52	
21.57	0.00	60918.79	
21.58	0.00	60997.11	
21.59	0.00	61075.50	
21.60	0.00	61153.95	
21.61	0.00	61232.46	
21.62	0.00	61311.03	
21.63	0.00	61389.67	
21.64	0.00	61468.37	
21.65	0.00	61547.13	
21.66	0.00	61625.95	
21.67	0.00	61704.84	
21.68	0.00	61783.79	
21.69	0.00	61862.80	
21.70	0.00	61941.88	
21.71	0.00	62021.01	
21.72	0.00	62100.21	
21.73	0.00	62179.48	
21.74	0.00	62258.80	
21.75	0.00	62338.19	
21.76	0.00	62417.64	
21.77	0.00	62497.15	
21.78	0.00	62576.73	
21.79	0.00	62656.36	
21.80	0.00	62736.07	
21.81	0.00	62815.83	
21.82	0.00	62895.66	
21.83	0.00	62975.55	
21.84	0.00	63055.50	
21.85	0.00	63135.51	
21.86	0.00	63215.59	
21.87	0.00	63295.73	
21.88	0.00	63375.94	
21.89	0.00	63456.20	
21.90	0.00	63536.53	
21.91	0.00	63616.92	
21.92	0.00	63697.38	
21.93	0.00	63777.90	
21.94	0.00	63858.48	
21.95	0.00	63939.12	
21.96	0.00	64019.83	
21.97	0.00	64100.60	
21.98	0.00	64181.44	
21.99	0.00	64262.33	
22.00	0.00	64343.29	
22.01	0.00	64424.32	
22.02	0.00	64505.40	
22.03	0.00	64586.55	
22.04	0.00	64667.77	
22.05	0.00	64749.04	
22.06	0.00	64830.38	
22.07	0.00	64911.79	
22.08	0.00	64993.25	
22.09	0.00	65074.78	
22.10	0.00	65156.37	
22.11	0.00	65238.03	
22.12	0.00	65319.75	
22.13	0.00	65401.53	
22.14	0.00	65483.38	
22.15	0.00	65565.29	
22.16	0.00	65647.26	
22.17	0.00	65729.30	
22.18	0.00	65811.40	
22.19	0.00	65893.56	
22.20	0.00	65975.79	
22.21	0.00	66058.08	
22.22	0.00	66140.43	
22.23	0.00	66222.85	
22.24	0.00	66305.33	
22.25	0.00	66387.88	
22.26	0.00	66470.48	
22.27	0.00	66553.16	
22.28	0.00	66635.89	
22.29	0.00	66718.69	
22.30	0.00	66801.56	
22.31	0.00	66884.48	
22.32	0.00	66967.47	
22.33	0.00	67050.53	
22.34	0.00	67133.65	
22.35	0.00	67216.83	
22.36	0.00	67300.07	
22.37	0.00	67383.38	
22.38	0.00	67466.76	
22.39	0.00	67550.19	
22.40	0.00	67633.70	
22.41	0.00	67717.26	
22.42	0.00	67800.89	
22.43	0.00	67884.58	
22.44	0.00	67968.34	
22.45	0.00	68052.16	
22.46	0.00	68136.05	
22.47	0.00	68220.00	
22.48	0.00	68304.01	
22.49	0.00	68388.09	
22.50	0.00	68472.23	
22.51	0.00	68556.43	
22.52	0.00	68640.70	
22.53	0.00	68725.04	
22.54	0.00	68809.43	
22.55	0.00	68893.90	
22.56	0.00	68978.42	
22.57	0.00	69063.01	
22.58	0.00	69147.67	
22.59	0.00	69232.39	
22.60	0.00	69317.17	
22.61	0.00	69402.02	
22.62	0.00	69486.93	
22.63	0.00	69571.91	
22.64	0.00	69656.95	
22.65	0.00	69742.05	
22.66	0.00	69827.22	
22.67	0.00	69912.45	
22.68	0.00	69997.75	
22.69	0.00	70083.12	
22.70	0.00	70168.54	
22.71	0.00	70254.03	
22.72	0.00	70339.59	
22.73	0.00	70425.21	
22.74	0.00	70510.90	
22.75	0.00	70596.65	
22.76	0.00	70682.46	
22.77	0.00	70768.34	
22.78	0.00	70854.28	
22.79	0.00	70940.29	
22.80	0.00	71026.36	
22.81	0.00	71112.50	
22.82	0.00	71198.70	
22.83	0.00	71284.97	
22.84	0.00	71371.30	
22.85	0.00	71457.70	
22.86	0.00	71544.16	
22.87	0.00	71630.68	
22.88	0.00	71717.27	
22.89	0.00	71803.93	
22.90	0.00	71890.65	
22.91	0.00	71977.43	
22.92	0.00	72064.28	
22.93	0.00	72151.20	
22.94	0.00	72238.18	
22.95	0.00	72325.22	
22.96	0.00	72412.33	
22.97	0.00	72499.51	
22.98	0.00	72586.75	
22.99	0.00	72674.05	
23.00	0.00	72761.42	
23.01	0.00	72848.86	
23.02	0.00	72936.36	
23.03	0.00	73023.92	
23.04	0.00	73111.55	
23.05	0.00	73199.25	
23.06	0.00	73287.01	
23.07	0.00	73374.83	
23.08	0.00	73462.72	
23.09	0.00	73550.68	
23.10	0.00	73638.70	
23.11	0.00	73726.78	
23.12	0.00	73814.94	
23.13	0.00	73903.15	
23.14	0.00	73991.43	
23.15	0.00	74079.78	
23.16	0.00	74168.19	
23.17	0.00	74256.67	
23.18	0.00	74345.22	
23.19	0.00	74433.82	
23.20	0.00	74522.50	
23.21	0.00	74611.24	
23.22	0.00	74700.04	
23.23	0.00	74788.91	
23.24	0.00	74877.85	
23.25	0.00	74966.85	
23.26	0.00	75055.92	
23.27	0.00	75145.05	
23.28	0.00	75234.25	
23.29	0.00	75323.51	
23.30	0.00	75412.84	
23.31	0.00	75502.23	
23.32	0.00	75591.69	
23.33	0.00	75681.22	
23.34	0.00	75770.81	
23.35	0.00	75860.47	
23.36	0.00	75950.19	
23.37	0.00	76039.98	
23.38	0.00	76129.83	
23.39	0.00	76219.75	
23.40	0.00	76309.74	
23.41	0.00	76399.79	
23.42	0.00	76489.91	
23.43	0.00	76580.09	
23.44	0.00	76670.34	
23.45	0.00	76760.66	
23.46	0.00	76851.04	
23.47	0.00	76941.48	
23.48	0.00	77032.00	
23.49	0.00	77122.58	
23.50	0.00	77213.22	
23.51	0.00	77303.93	
23.52	0.00	77394.71	
23.53	0.00	77485.55	
23.54	0.00	77576.46	
23.55	0.00	77667.43	
23.56	0.00	77758.47	
23.57	0.00	77849.58	
23.58	0.00	77940.75	
23.59	0.00	78031.99	
23.60	0.00	78123.30	
23.61	0.00	78214.67	
23.62	0.00	78306.11	
23.63	0.00	78397.61	
23.64	0.00	78489.18	
23.65	0.00	78580.82	
23.66	0.00	78672.52	
23.67	0.00	78764.29	
23.68	0.00	78856.12	
23.69	0.00	78948.02	
23.70	0.00	79039.99	
23.71	0.00	79132.02	
23.72	0.00	79224.12	
23.73	0.00	79316.29	
23.74	0.00	79408.52	
23.75	0.00	79500.82	
23.76	0.00	79593.19	
23.77	0.00	79685.62	
23.78	0.00	79778.12	
23.79	0.00	79870.69	
23.80	0.00	79963.32	
23.81	0.00	80056.02	
23.82	0.00	80148.78	
23.83	0.00	80241.61	
23.84	0.00	80334.51	
23.85	0.00	80427.48	
23.86	0.00	80520.51	
23.87	0.00	80613.60	
23.88	0.00	80706.77	
23.89	0.00	80800.00	*