# //UNITED STATES GEOLOGICAL SURVEY       http://water.usgs.gov/
# //NATIONAL WATER INFORMATION SYSTEM     http://water.usgs.gov/data.html
# //DATA ARE PROVISIONAL AND SUBJECT TO CHANGE UNTIL PUBLISHED BY USGS
# //RETRIEVED: 2025-11-24 18:05:02
# //WARNING
# //WARNING The stage-discharge rating provided in this file should be
# //WARNING considered provisional and subject to change. Stage-discharge
# //WARNING ratings change over time as the channel features that control
# //WARNING the relation between stage and discharge vary. Users are
# //WARNING cautioned to consider carefully the applicability of this
# //WARNING rating before using it for decisions that concern personal or
# //WARNING public safety or operational consequences.
# //FILE TYPE="NWIS RATING" 
# //DATABASE NUMBER=01 DESCRIPTION=" Standard data base for this site."
# //STATION AGENCY="USGS " NUMBER="01436690       " TIME_ZONE="EST" DST_FLAG=N
# //STATION NAME="NEVERSINK RIVER AT BRIDGEVILLE NY"
# //LABEL="Discharge (ft^3/s)"
# //PARAMETER CODE="00060"
# //RATING SHIFTED="20251124180502 EST"
# //RATING ID="9.0" TYPE="STGQ" NAME="stage-discharge" AGING=????
# //RATING REMARKS="Re-draw of the upper end of the rating and was needed owing to the plotting of high-flow Qm\\ufffds 234-235 (event of April 8, 2022).  AGL."
# //RATING EXPANSION="logarithmic"
# //RATING OFFSET1=4.000000E+00
# //RATING_INDEP ROUNDING="????" PARAMETER="Gage height (ft)"
# //RATING_DEP ROUNDING="????" PARAMETER="Discharge (ft^3/s)"
# //RATING_DATETIME BEGIN=20220408000000 BZONE=-05:00 END=-------------- EZONE=--- AGING=1
# //RATING_DATETIME COMMENT="Begin new RT 9.0 at middle of rise before April 8, 2022 event. AGL."
# //SHIFT_PREV BEGIN="20251031034500" BZONE="-05:00" END="--------------" EZONE="---"
# //SHIFT_PREV STAGE1="4.20" SHIFT1="-0.02" STAGE2="6.00" SHIFT2="-0.02" STAGE3="8.50" SHIFT3="0.00"
# //SHIFT_PREV COMMENT="Back to clear of veg"
# //SHIFT_NEXT BEGIN="--------------" BZONE="---" END="--------------" EZONE="---"
# //SHIFT_NEXT STAGE1="---" SHIFT1="---" STAGE2="---" SHIFT2="---" STAGE3="---" SHIFT3="---"
# //SHIFT_NEXT COMMENT=" "
INDEP	SHIFT	DEP	STOR
16N	16N	16N	1S
4.22	-0.02	5.83	
4.23	-0.02	6.46	
4.24	-0.02	7.13	
4.25	-0.02	7.83	
4.26	-0.02	8.57	
4.27	-0.02	9.34	
4.28	-0.02	10.14	
4.29	-0.02	10.98	
4.30	-0.02	11.86	
4.31	-0.02	12.77	
4.32	-0.02	13.72	
4.33	-0.02	14.70	
4.34	-0.02	15.72	
4.35	-0.02	16.78	
4.36	-0.02	17.87	
4.37	-0.02	19.00	
4.38	-0.02	20.16	
4.39	-0.02	21.36	
4.40	-0.02	22.60	
4.41	-0.02	23.87	
4.42	-0.02	25.18	
4.43	-0.02	26.53	
4.44	-0.02	27.91	
4.45	-0.02	29.34	
4.46	-0.02	30.79	
4.47	-0.02	32.29	
4.48	-0.02	33.82	
4.49	-0.02	35.40	
4.50	-0.02	37.00	
4.51	-0.02	38.65	
4.52	-0.02	40.33	
4.53	-0.02	42.06	
4.54	-0.02	43.81	
4.55	-0.02	45.61	
4.56	-0.02	47.45	
4.57	-0.02	49.32	
4.58	-0.02	51.23	
4.59	-0.02	53.18	
4.60	-0.02	55.17	
4.61	-0.02	57.20	
4.62	-0.02	59.27	
4.63	-0.02	61.37	
4.64	-0.02	63.51	
4.65	-0.02	65.70	
4.66	-0.02	67.92	
4.67	-0.02	70.18	
4.68	-0.02	72.47	
4.69	-0.02	74.81	
4.70	-0.02	77.19	
4.71	-0.02	79.60	
4.72	-0.02	82.06	
4.73	-0.02	84.55	
4.74	-0.02	87.09	
4.75	-0.02	89.66	
4.76	-0.02	92.27	
4.77	-0.02	94.92	
4.78	-0.02	97.61	
4.79	-0.02	100.35	
4.80	-0.02	103.12	
4.81	-0.02	105.93	
4.82	-0.02	108.78	
4.83	-0.02	111.67	
4.84	-0.02	114.60	
4.85	-0.02	117.57	
4.86	-0.02	120.58	
4.87	-0.02	123.63	
4.88	-0.02	126.72	
4.89	-0.02	129.85	
4.90	-0.02	133.02	
4.91	-0.02	136.23	
4.92	-0.02	139.48	
4.93	-0.02	142.77	
4.94	-0.02	146.10	
4.95	-0.02	149.48	
4.96	-0.02	152.89	
4.97	-0.02	156.34	
4.98	-0.02	159.84	
4.99	-0.02	163.37	
5.00	-0.02	166.95	
5.01	-0.02	170.56	
5.02	-0.02	174.22	
5.03	-0.02	177.92	
5.04	-0.02	181.66	
5.05	-0.02	185.44	
5.06	-0.02	189.26	
5.07	-0.02	193.12	
5.08	-0.02	197.02	
5.09	-0.02	200.97	
5.10	-0.02	204.95	
5.11	-0.02	208.98	
5.12	-0.02	213.05	
5.13	-0.02	217.15	
5.14	-0.02	221.31	
5.15	-0.02	225.50	
5.16	-0.02	229.73	
5.17	-0.02	234.00	
5.18	-0.02	238.32	
5.19	-0.02	242.68	
5.20	-0.02	247.08	*
5.21	-0.02	251.52	
5.22	-0.02	256.00	
5.23	-0.02	260.27	
5.24	-0.02	264.57	
5.25	-0.02	268.91	
5.26	-0.02	273.28	
5.27	-0.02	277.68	
5.28	-0.02	282.13	
5.29	-0.02	286.60	
5.30	-0.02	291.12	
5.31	-0.02	295.66	
5.32	-0.02	300.25	
5.33	-0.02	304.86	
5.34	-0.02	309.52	
5.35	-0.02	314.20	
5.36	-0.02	318.93	
5.37	-0.02	323.68	
5.38	-0.02	328.48	
5.39	-0.02	333.31	
5.40	-0.02	338.17	*
5.41	-0.02	343.07	
5.42	-0.02	348.00	
5.43	-0.02	352.80	
5.44	-0.02	357.63	
5.45	-0.02	362.50	
5.46	-0.02	367.39	
5.47	-0.02	372.32	
5.48	-0.02	377.28	
5.49	-0.02	382.27	
5.50	-0.02	387.29	
5.51	-0.02	392.34	
5.52	-0.02	397.43	
5.53	-0.02	402.54	
5.54	-0.02	407.69	
5.55	-0.02	412.87	
5.56	-0.02	418.08	
5.57	-0.02	423.32	
5.58	-0.02	428.59	
5.59	-0.02	433.90	
5.60	-0.02	439.23	*
5.61	-0.02	444.60	
5.62	-0.02	450.00	
5.63	-0.02	454.56	
5.64	-0.02	459.15	
5.65	-0.02	463.75	
5.66	-0.02	468.36	
5.67	-0.02	473.00	
5.68	-0.02	477.65	
5.69	-0.02	482.32	
5.70	-0.02	487.00	
5.71	-0.02	491.71	
5.72	-0.02	496.43	
5.73	-0.02	501.17	
5.74	-0.02	505.92	
5.75	-0.02	510.70	
5.76	-0.02	515.49	
5.77	-0.02	520.29	
5.78	-0.02	525.12	
5.79	-0.02	529.96	
5.80	-0.02	534.82	
5.81	-0.02	539.69	
5.82	-0.02	544.58	
5.83	-0.02	549.49	
5.84	-0.02	554.42	
5.85	-0.02	559.36	
5.86	-0.02	564.32	
5.87	-0.02	569.29	
5.88	-0.02	574.29	
5.89	-0.02	579.30	
5.90	-0.02	584.32	
5.91	-0.02	589.36	
5.92	-0.02	594.42	
5.93	-0.02	599.50	
5.94	-0.02	604.59	
5.95	-0.02	609.70	
5.96	-0.02	614.82	
5.97	-0.02	619.97	
5.98	-0.02	625.12	
5.99	-0.02	630.30	
6.00	-0.02	635.49	
6.01	-0.02	640.74	
6.02	-0.02	646.00	
6.03	-0.02	651.28	
6.04	-0.02	656.58	
6.05	-0.02	661.89	
6.06	-0.02	667.22	
6.07	-0.02	672.57	
6.08	-0.02	677.93	
6.09	-0.02	683.31	
6.10	-0.02	688.71	
6.11	-0.02	694.12	
6.12	-0.02	699.55	
6.13	-0.02	704.99	
6.14	-0.02	710.45	
6.15	-0.02	715.93	
6.16	-0.02	721.42	
6.17	-0.02	726.93	
6.18	-0.02	732.46	
6.19	-0.02	738.00	
6.20	-0.02	743.55	
6.21	-0.02	749.13	
6.22	-0.02	754.72	
6.23	-0.02	760.32	
6.24	-0.02	765.94	
6.25	-0.02	771.58	
6.26	-0.02	777.23	
6.27	-0.02	782.89	
6.28	-0.02	788.58	
6.29	-0.02	794.28	
6.30	-0.02	799.99	
6.31	-0.02	805.72	
6.32	-0.02	811.47	
6.33	-0.02	817.23	
6.34	-0.02	823.01	
6.35	-0.02	828.80	
6.36	-0.02	834.61	
6.37	-0.02	840.43	
6.38	-0.02	846.27	
6.39	-0.02	852.13	
6.40	-0.02	858.00	
6.41	-0.02	863.88	
6.42	-0.02	869.78	
6.43	-0.02	875.70	
6.44	-0.02	881.63	
6.45	-0.02	887.58	
6.46	-0.02	893.54	
6.47	-0.02	899.52	
6.48	-0.02	905.51	
6.49	-0.02	911.52	
6.50	-0.02	917.54	
6.51	-0.02	923.58	
6.52	-0.02	929.63	
6.53	-0.02	935.70	
6.54	-0.02	941.78	
6.55	-0.02	947.88	
6.56	-0.02	954.00	
6.57	-0.02	960.13	
6.58	-0.02	966.27	
6.59	-0.02	972.43	
6.60	-0.02	978.60	
6.61	-0.02	984.79	
6.62	-0.02	990.99	
6.63	-0.01	997.21	
6.64	-0.01	1003.45	
6.65	-0.01	1009.69	
6.66	-0.01	1015.96	
6.67	-0.01	1022.23	
6.68	-0.01	1028.53	
6.69	-0.01	1034.83	
6.70	-0.01	1041.16	
6.71	-0.01	1047.49	
6.72	-0.01	1053.85	
6.73	-0.01	1060.21	
6.74	-0.01	1066.59	
6.75	-0.01	1072.99	
6.76	-0.01	1079.40	
6.77	-0.01	1085.82	
6.78	-0.01	1092.26	
6.79	-0.01	1098.72	
6.80	-0.01	1105.18	
6.81	-0.01	1111.67	
6.82	-0.01	1118.16	
6.83	-0.01	1124.68	
6.84	-0.01	1131.20	
6.85	-0.01	1137.74	
6.86	-0.01	1144.30	
6.87	-0.01	1150.87	
6.88	-0.01	1157.45	
6.89	-0.01	1164.05	
6.90	-0.01	1170.66	
6.91	-0.01	1177.29	
6.92	-0.01	1183.93	
6.93	-0.01	1190.59	
6.94	-0.01	1197.26	
6.95	-0.01	1203.94	
6.96	-0.01	1210.64	
6.97	-0.01	1217.35	
6.98	-0.01	1224.08	
6.99	-0.01	1230.82	
7.00	-0.01	1237.58	
7.01	-0.01	1244.34	
7.02	-0.01	1251.13	
7.03	-0.01	1257.93	
7.04	-0.01	1264.74	
7.05	-0.01	1271.56	
7.06	-0.01	1278.40	
7.07	-0.01	1285.26	
7.08	-0.01	1292.12	
7.09	-0.01	1299.00	
7.10	-0.01	1305.90	
7.11	-0.01	1312.81	
7.12	-0.01	1319.73	
7.13	-0.01	1326.67	
7.14	-0.01	1333.62	
7.15	-0.01	1340.59	
7.16	-0.01	1347.57	
7.17	-0.01	1354.56	
7.18	-0.01	1361.57	
7.19	-0.01	1368.59	
7.20	-0.01	1375.62	
7.21	-0.01	1382.67	
7.22	-0.01	1389.73	
7.23	-0.01	1396.81	
7.24	-0.01	1403.90	
7.25	-0.01	1411.00	
7.26	-0.01	1418.12	
7.27	-0.01	1425.25	
7.28	-0.01	1432.39	
7.29	-0.01	1439.55	
7.30	-0.01	1446.72	
7.31	-0.01	1453.91	
7.32	-0.01	1461.11	
7.33	-0.01	1468.32	
7.34	-0.01	1475.54	
7.35	-0.01	1482.78	
7.36	-0.01	1490.04	
7.37	-0.01	1497.30	
7.38	-0.01	1504.58	
7.39	-0.01	1511.88	
7.40	-0.01	1519.19	
7.41	-0.01	1526.51	
7.42	-0.01	1533.84	
7.43	-0.01	1541.19	
7.44	-0.01	1548.55	
7.45	-0.01	1555.92	
7.46	-0.01	1563.31	
7.47	-0.01	1570.71	
7.48	-0.01	1578.13	
7.49	-0.01	1585.55	
7.50	-0.01	1593.00	
7.51	-0.01	1600.45	
7.52	-0.01	1607.92	
7.53	-0.01	1615.40	
7.54	-0.01	1622.89	
7.55	-0.01	1630.40	
7.56	-0.01	1637.92	
7.57	-0.01	1645.46	
7.58	-0.01	1653.00	
7.59	-0.01	1660.56	
7.60	-0.01	1668.14	
7.61	-0.01	1675.73	
7.62	-0.01	1683.33	
7.63	-0.01	1690.94	
7.64	-0.01	1698.57	
7.65	-0.01	1706.20	
7.66	-0.01	1713.86	
7.67	-0.01	1721.52	
7.68	-0.01	1729.20	
7.69	-0.01	1736.89	
7.70	-0.01	1744.60	
7.71	-0.01	1752.32	
7.72	-0.01	1760.05	
7.73	-0.01	1767.79	
7.74	-0.01	1775.55	
7.75	-0.01	1783.32	
7.76	-0.01	1791.10	
7.77	-0.01	1798.90	
7.78	-0.01	1806.71	
7.79	-0.01	1814.53	
7.80	-0.01	1822.36	
7.81	-0.01	1830.21	
7.82	-0.01	1838.07	
7.83	-0.01	1845.95	
7.84	-0.01	1853.83	
7.85	-0.01	1861.73	
7.86	-0.01	1869.64	
7.87	-0.01	1877.57	
7.88	0.00	1885.51	
7.89	0.00	1893.46	
7.90	0.00	1901.42	
7.91	0.00	1909.40	
7.92	0.00	1917.38	
7.93	0.00	1925.39	
7.94	0.00	1933.40	
7.95	0.00	1941.43	
7.96	0.00	1949.47	
7.97	0.00	1957.52	
7.98	0.00	1965.59	
7.99	0.00	1973.66	
8.00	0.00	1981.75	
8.01	0.00	1989.86	
8.02	0.00	1997.97	
8.03	0.00	2006.10	
8.04	0.00	2014.24	
8.05	0.00	2022.40	
8.06	0.00	2030.56	
8.07	0.00	2038.74	
8.08	0.00	2046.93	
8.09	0.00	2055.14	
8.10	0.00	2063.35	
8.11	0.00	2071.58	
8.12	0.00	2079.82	
8.13	0.00	2088.08	
8.14	0.00	2096.34	
8.15	0.00	2104.62	
8.16	0.00	2112.92	
8.17	0.00	2121.22	
8.18	0.00	2129.54	
8.19	0.00	2137.87	
8.20	0.00	2146.21	
8.21	0.00	2154.56	
8.22	0.00	2162.93	
8.23	0.00	2171.31	
8.24	0.00	2179.70	
8.25	0.00	2188.10	
8.26	0.00	2196.52	
8.27	0.00	2204.94	
8.28	0.00	2213.38	
8.29	0.00	2221.84	
8.30	0.00	2230.30	
8.31	0.00	2238.78	
8.32	0.00	2247.27	
8.33	0.00	2255.77	
8.34	0.00	2264.29	
8.35	0.00	2272.81	
8.36	0.00	2281.35	
8.37	0.00	2289.90	
8.38	0.00	2298.47	
8.39	0.00	2307.04	
8.40	0.00	2315.63	
8.41	0.00	2324.23	
8.42	0.00	2332.84	
8.43	0.00	2341.47	
8.44	0.00	2350.10	
8.45	0.00	2358.75	
8.46	0.00	2367.41	
8.47	0.00	2376.08	
8.48	0.00	2384.77	
8.49	0.00	2393.47	
8.50	0.00	2402.18	
8.51	0.00	2410.83	
8.52	0.00	2419.49	
8.53	0.00	2428.17	
8.54	0.00	2436.86	
8.55	0.00	2445.56	
8.56	0.00	2454.27	
8.57	0.00	2462.99	
8.58	0.00	2471.73	
8.59	0.00	2480.47	
8.60	0.00	2489.23	
8.61	0.00	2498.00	
8.62	0.00	2506.79	
8.63	0.00	2515.58	
8.64	0.00	2524.39	
8.65	0.00	2533.20	
8.66	0.00	2542.03	
8.67	0.00	2550.87	
8.68	0.00	2559.73	
8.69	0.00	2568.59	
8.70	0.00	2577.47	
8.71	0.00	2586.36	
8.72	0.00	2595.26	
8.73	0.00	2604.17	
8.74	0.00	2613.09	
8.75	0.00	2622.03	
8.76	0.00	2630.97	
8.77	0.00	2639.93	
8.78	0.00	2648.90	
8.79	0.00	2657.88	
8.80	0.00	2666.88	
8.81	0.00	2675.88	
8.82	0.00	2684.90	
8.83	0.00	2693.93	
8.84	0.00	2702.96	
8.85	0.00	2712.02	
8.86	0.00	2721.08	
8.87	0.00	2730.15	
8.88	0.00	2739.24	
8.89	0.00	2748.34	
8.90	0.00	2757.45	
8.91	0.00	2766.57	
8.92	0.00	2775.70	
8.93	0.00	2784.84	
8.94	0.00	2794.00	
8.95	0.00	2803.16	
8.96	0.00	2812.34	
8.97	0.00	2821.53	
8.98	0.00	2830.73	
8.99	0.00	2839.94	
9.00	0.00	2849.17	
9.01	0.00	2858.40	
9.02	0.00	2867.65	
9.03	0.00	2876.91	
9.04	0.00	2886.18	
9.05	0.00	2895.46	
9.06	0.00	2904.75	
9.07	0.00	2914.05	
9.08	0.00	2923.37	
9.09	0.00	2932.70	
9.10	0.00	2942.03	
9.11	0.00	2951.38	
9.12	0.00	2960.74	
9.13	0.00	2970.12	
9.14	0.00	2979.50	
9.15	0.00	2988.89	
9.16	0.00	2998.30	
9.17	0.00	3007.72	
9.18	0.00	3017.14	
9.19	0.00	3026.58	
9.20	0.00	3036.04	
9.21	0.00	3045.50	
9.22	0.00	3054.97	
9.23	0.00	3064.46	
9.24	0.00	3073.95	
9.25	0.00	3083.46	
9.26	0.00	3092.98	
9.27	0.00	3102.51	
9.28	0.00	3112.05	
9.29	0.00	3121.60	
9.30	0.00	3131.16	
9.31	0.00	3140.74	
9.32	0.00	3150.32	
9.33	0.00	3159.92	
9.34	0.00	3169.53	
9.35	0.00	3179.15	
9.36	0.00	3188.78	
9.37	0.00	3198.42	
9.38	0.00	3208.07	
9.39	0.00	3217.74	
9.40	0.00	3227.41	
9.41	0.00	3237.10	
9.42	0.00	3246.79	
9.43	0.00	3256.50	
9.44	0.00	3266.22	
9.45	0.00	3275.95	
9.46	0.00	3285.69	
9.47	0.00	3295.45	
9.48	0.00	3305.21	
9.49	0.00	3314.98	
9.50	0.00	3324.77	
9.51	0.00	3334.57	
9.52	0.00	3344.37	
9.53	0.00	3354.19	
9.54	0.00	3364.02	
9.55	0.00	3373.86	
9.56	0.00	3383.71	
9.57	0.00	3393.58	
9.58	0.00	3403.45	
9.59	0.00	3413.33	
9.60	0.00	3423.23	
9.61	0.00	3433.14	
9.62	0.00	3443.05	
9.63	0.00	3452.98	
9.64	0.00	3462.92	
9.65	0.00	3472.87	
9.66	0.00	3482.83	
9.67	0.00	3492.81	
9.68	0.00	3502.79	
9.69	0.00	3512.78	
9.70	0.00	3522.79	
9.71	0.00	3532.80	
9.72	0.00	3542.83	
9.73	0.00	3552.87	
9.74	0.00	3562.92	
9.75	0.00	3572.97	
9.76	0.00	3583.04	
9.77	0.00	3593.13	
9.78	0.00	3603.22	
9.79	0.00	3613.32	
9.80	0.00	3623.43	
9.81	0.00	3633.56	
9.82	0.00	3643.69	
9.83	0.00	3653.84	
9.84	0.00	3663.99	
9.85	0.00	3674.16	
9.86	0.00	3684.34	
9.87	0.00	3694.53	
9.88	0.00	3704.73	
9.89	0.00	3714.94	
9.90	0.00	3725.16	
9.91	0.00	3735.39	
9.92	0.00	3745.63	
9.93	0.00	3755.89	
9.94	0.00	3766.15	
9.95	0.00	3776.43	
9.96	0.00	3786.71	
9.97	0.00	3797.01	
9.98	0.00	3807.31	
9.99	0.00	3817.63	
10.00	0.00	3827.96	
10.01	0.00	3838.30	
10.02	0.00	3848.65	
10.03	0.00	3859.01	
10.04	0.00	3869.38	
10.05	0.00	3879.76	
10.06	0.00	3890.15	
10.07	0.00	3900.56	
10.08	0.00	3910.97	
10.09	0.00	3921.39	
10.10	0.00	3931.83	
10.11	0.00	3942.27	
10.12	0.00	3952.73	
10.13	0.00	3963.19	
10.14	0.00	3973.67	
10.15	0.00	3984.16	
10.16	0.00	3994.66	
10.17	0.00	4005.17	
10.18	0.00	4015.69	
10.19	0.00	4026.22	
10.20	0.00	4036.76	
10.21	0.00	4047.31	
10.22	0.00	4057.87	
10.23	0.00	4068.44	
10.24	0.00	4079.02	
10.25	0.00	4089.62	
10.26	0.00	4100.22	
10.27	0.00	4110.83	
10.28	0.00	4121.46	
10.29	0.00	4132.09	
10.30	0.00	4142.74	
10.31	0.00	4153.39	
10.32	0.00	4164.06	
10.33	0.00	4174.74	
10.34	0.00	4185.43	
10.35	0.00	4196.12	
10.36	0.00	4206.83	
10.37	0.00	4217.55	
10.38	0.00	4228.28	
10.39	0.00	4239.02	
10.40	0.00	4249.77	
10.41	0.00	4260.53	
10.42	0.00	4271.30	
10.43	0.00	4282.08	
10.44	0.00	4292.87	
10.45	0.00	4303.67	
10.46	0.00	4314.49	
10.47	0.00	4325.31	
10.48	0.00	4336.14	
10.49	0.00	4346.99	
10.50	0.00	4357.84	
10.51	0.00	4368.70	
10.52	0.00	4379.58	
10.53	0.00	4390.46	
10.54	0.00	4401.36	
10.55	0.00	4412.26	
10.56	0.00	4423.18	
10.57	0.00	4434.11	
10.58	0.00	4445.04	
10.59	0.00	4455.99	
10.60	0.00	4466.95	
10.61	0.00	4477.91	
10.62	0.00	4488.89	
10.63	0.00	4499.88	
10.64	0.00	4510.88	
10.65	0.00	4521.89	
10.66	0.00	4532.91	
10.67	0.00	4543.93	
10.68	0.00	4554.97	
10.69	0.00	4566.02	
10.70	0.00	4577.08	
10.71	0.00	4588.15	
10.72	0.00	4599.23	
10.73	0.00	4610.32	
10.74	0.00	4621.42	
10.75	0.00	4632.54	
10.76	0.00	4643.66	
10.77	0.00	4654.79	
10.78	0.00	4665.93	
10.79	0.00	4677.08	
10.80	0.00	4688.24	
10.81	0.00	4699.42	
10.82	0.00	4710.60	
10.83	0.00	4721.79	
10.84	0.00	4732.99	
10.85	0.00	4744.20	
10.86	0.00	4755.43	
10.87	0.00	4766.66	
10.88	0.00	4777.90	
10.89	0.00	4789.16	
10.90	0.00	4800.42	
10.91	0.00	4811.69	
10.92	0.00	4822.98	
10.93	0.00	4834.27	
10.94	0.00	4845.57	
10.95	0.00	4856.89	
10.96	0.00	4868.21	
10.97	0.00	4879.55	
10.98	0.00	4890.89	
10.99	0.00	4902.25	
11.00	0.00	4913.61	
11.01	0.00	4924.98	
11.02	0.00	4936.37	
11.03	0.00	4947.76	
11.04	0.00	4959.17	
11.05	0.00	4970.58	
11.06	0.00	4982.01	
11.07	0.00	4993.44	
11.08	0.00	5004.89	
11.09	0.00	5016.34	
11.10	0.00	5027.81	
11.11	0.00	5039.28	
11.12	0.00	5050.76	
11.13	0.00	5062.26	
11.14	0.00	5073.76	
11.15	0.00	5085.28	
11.16	0.00	5096.80	
11.17	0.00	5108.34	
11.18	0.00	5119.88	
11.19	0.00	5131.44	
11.20	0.00	5143.00	
11.21	0.00	5154.58	
11.22	0.00	5166.16	
11.23	0.00	5177.76	
11.24	0.00	5189.36	
11.25	0.00	5200.97	
11.26	0.00	5212.60	
11.27	0.00	5224.23	
11.28	0.00	5235.88	
11.29	0.00	5247.53	
11.30	0.00	5259.19	
11.31	0.00	5270.87	
11.32	0.00	5282.55	
11.33	0.00	5294.25	
11.34	0.00	5305.95	
11.35	0.00	5317.66	
11.36	0.00	5329.39	
11.37	0.00	5341.12	
11.38	0.00	5352.86	
11.39	0.00	5364.62	
11.40	0.00	5376.38	
11.41	0.00	5388.15	
11.42	0.00	5399.93	
11.43	0.00	5411.73	
11.44	0.00	5423.53	
11.45	0.00	5435.34	
11.46	0.00	5447.16	
11.47	0.00	5458.99	
11.48	0.00	5470.83	
11.49	0.00	5482.69	
11.50	0.00	5494.55	
11.51	0.00	5506.42	
11.52	0.00	5518.30	
11.53	0.00	5530.19	
11.54	0.00	5542.09	
11.55	0.00	5554.00	
11.56	0.00	5565.92	
11.57	0.00	5577.85	
11.58	0.00	5589.79	
11.59	0.00	5601.74	
11.60	0.00	5613.70	
11.61	0.00	5625.66	
11.62	0.00	5637.64	
11.63	0.00	5649.63	
11.64	0.00	5661.63	
11.65	0.00	5673.64	
11.66	0.00	5685.65	
11.67	0.00	5697.68	
11.68	0.00	5709.72	
11.69	0.00	5721.76	
11.70	0.00	5733.82	
11.71	0.00	5745.89	
11.72	0.00	5757.96	
11.73	0.00	5770.05	
11.74	0.00	5782.14	
11.75	0.00	5794.25	
11.76	0.00	5806.36	
11.77	0.00	5818.49	
11.78	0.00	5830.62	
11.79	0.00	5842.76	
11.80	0.00	5854.92	
11.81	0.00	5867.08	
11.82	0.00	5879.25	
11.83	0.00	5891.43	
11.84	0.00	5903.63	
11.85	0.00	5915.83	
11.86	0.00	5928.04	
11.87	0.00	5940.26	
11.88	0.00	5952.49	
11.89	0.00	5964.73	
11.90	0.00	5976.98	
11.91	0.00	5989.24	
11.92	0.00	6001.51	
11.93	0.00	6013.78	
11.94	0.00	6026.07	
11.95	0.00	6038.37	
11.96	0.00	6050.68	
11.97	0.00	6062.99	
11.98	0.00	6075.32	
11.99	0.00	6087.65	
12.00	0.00	6100.00	*
12.01	0.00	6113.35	
12.02	0.00	6126.70	
12.03	0.00	6140.07	
12.04	0.00	6153.46	
12.05	0.00	6166.85	
12.06	0.00	6180.26	
12.07	0.00	6193.68	
12.08	0.00	6207.12	
12.09	0.00	6220.56	
12.10	0.00	6234.02	
12.11	0.00	6247.49	
12.12	0.00	6260.97	
12.13	0.00	6274.47	
12.14	0.00	6287.98	
12.15	0.00	6301.50	
12.16	0.00	6315.03	
12.17	0.00	6328.57	
12.18	0.00	6342.13	
12.19	0.00	6355.70	
12.20	0.00	6369.28	
12.21	0.00	6382.88	
12.22	0.00	6396.49	
12.23	0.00	6410.11	
12.24	0.00	6423.74	
12.25	0.00	6437.38	
12.26	0.00	6451.04	
12.27	0.00	6464.71	
12.28	0.00	6478.39	
12.29	0.00	6492.09	
12.30	0.00	6505.79	
12.31	0.00	6519.51	
12.32	0.00	6533.24	
12.33	0.00	6546.99	
12.34	0.00	6560.74	
12.35	0.00	6574.51	
12.36	0.00	6588.29	
12.37	0.00	6602.08	
12.38	0.00	6615.89	
12.39	0.00	6629.71	
12.40	0.00	6643.54	
12.41	0.00	6657.38	
12.42	0.00	6671.23	
12.43	0.00	6685.10	
12.44	0.00	6698.98	
12.45	0.00	6712.87	
12.46	0.00	6726.78	
12.47	0.00	6740.69	
12.48	0.00	6754.62	
12.49	0.00	6768.56	
12.50	0.00	6782.52	
12.51	0.00	6796.48	
12.52	0.00	6810.46	
12.53	0.00	6824.45	
12.54	0.00	6838.45	
12.55	0.00	6852.47	
12.56	0.00	6866.50	
12.57	0.00	6880.54	
12.58	0.00	6894.59	
12.59	0.00	6908.65	
12.60	0.00	6922.73	
12.61	0.00	6936.82	
12.62	0.00	6950.92	
12.63	0.00	6965.03	
12.64	0.00	6979.16	
12.65	0.00	6993.29	
12.66	0.00	7007.44	
12.67	0.00	7021.61	
12.68	0.00	7035.78	
12.69	0.00	7049.97	
12.70	0.00	7064.17	
12.71	0.00	7078.38	
12.72	0.00	7092.60	
12.73	0.00	7106.84	
12.74	0.00	7121.08	
12.75	0.00	7135.34	
12.76	0.00	7149.62	
12.77	0.00	7163.90	
12.78	0.00	7178.20	
12.79	0.00	7192.51	
12.80	0.00	7206.83	
12.81	0.00	7221.16	
12.82	0.00	7235.51	
12.83	0.00	7249.86	
12.84	0.00	7264.23	
12.85	0.00	7278.62	
12.86	0.00	7293.01	
12.87	0.00	7307.42	
12.88	0.00	7321.84	
12.89	0.00	7336.27	
12.90	0.00	7350.71	
12.91	0.00	7365.16	
12.92	0.00	7379.63	
12.93	0.00	7394.11	
12.94	0.00	7408.60	
12.95	0.00	7423.11	
12.96	0.00	7437.62	
12.97	0.00	7452.15	
12.98	0.00	7466.69	
12.99	0.00	7481.24	
13.00	0.00	7495.81	
13.01	0.00	7510.38	
13.02	0.00	7524.97	
13.03	0.00	7539.57	
13.04	0.00	7554.19	
13.05	0.00	7568.81	
13.06	0.00	7583.45	
13.07	0.00	7598.10	
13.08	0.00	7612.76	
13.09	0.00	7627.43	
13.10	0.00	7642.12	
13.11	0.00	7656.82	
13.12	0.00	7671.53	
13.13	0.00	7686.25	
13.14	0.00	7700.98	
13.15	0.00	7715.73	
13.16	0.00	7730.49	
13.17	0.00	7745.26	
13.18	0.00	7760.04	
13.19	0.00	7774.84	
13.20	0.00	7789.64	
13.21	0.00	7804.46	
13.22	0.00	7819.29	
13.23	0.00	7834.13	
13.24	0.00	7848.99	
13.25	0.00	7863.86	
13.26	0.00	7878.73	
13.27	0.00	7893.63	
13.28	0.00	7908.53	
13.29	0.00	7923.44	
13.30	0.00	7938.37	
13.31	0.00	7953.31	
13.32	0.00	7968.26	
13.33	0.00	7983.22	
13.34	0.00	7998.20	
13.35	0.00	8013.19	
13.36	0.00	8028.19	
13.37	0.00	8043.20	
13.38	0.00	8058.22	
13.39	0.00	8073.25	
13.40	0.00	8088.30	
13.41	0.00	8103.36	
13.42	0.00	8118.43	
13.43	0.00	8133.52	
13.44	0.00	8148.61	
13.45	0.00	8163.72	
13.46	0.00	8178.84	
13.47	0.00	8193.97	
13.48	0.00	8209.11	
13.49	0.00	8224.27	
13.50	0.00	8239.43	
13.51	0.00	8254.61	
13.52	0.00	8269.80	
13.53	0.00	8285.01	
13.54	0.00	8300.22	
13.55	0.00	8315.45	
13.56	0.00	8330.69	
13.57	0.00	8345.94	
13.58	0.00	8361.20	
13.59	0.00	8376.48	
13.60	0.00	8391.76	
13.61	0.00	8407.06	
13.62	0.00	8422.37	
13.63	0.00	8437.70	
13.64	0.00	8453.03	
13.65	0.00	8468.38	
13.66	0.00	8483.73	
13.67	0.00	8499.10	
13.68	0.00	8514.49	
13.69	0.00	8529.88	
13.70	0.00	8545.29	
13.71	0.00	8560.70	
13.72	0.00	8576.13	
13.73	0.00	8591.58	
13.74	0.00	8607.03	
13.75	0.00	8622.49	
13.76	0.00	8637.97	
13.77	0.00	8653.46	
13.78	0.00	8668.96	
13.79	0.00	8684.48	
13.80	0.00	8700.00	*
13.81	0.00	8715.87	
13.82	0.00	8731.76	
13.83	0.00	8747.66	
13.84	0.00	8763.57	
13.85	0.00	8779.49	
13.86	0.00	8795.43	
13.87	0.00	8811.38	
13.88	0.00	8827.34	
13.89	0.00	8843.31	
13.90	0.00	8859.30	
13.91	0.00	8875.30	
13.92	0.00	8891.32	
13.93	0.00	8907.34	
13.94	0.00	8923.38	
13.95	0.00	8939.43	
13.96	0.00	8955.49	
13.97	0.00	8971.57	
13.98	0.00	8987.66	
13.99	0.00	9003.76	
14.00	0.00	9019.88	
14.01	0.00	9036.00	
14.02	0.00	9052.14	
14.03	0.00	9068.30	
14.04	0.00	9084.46	
14.05	0.00	9100.64	
14.06	0.00	9116.83	
14.07	0.00	9133.03	
14.08	0.00	9149.25	
14.09	0.00	9165.48	
14.10	0.00	9181.72	
14.11	0.00	9197.97	
14.12	0.00	9214.24	
14.13	0.00	9230.52	
14.14	0.00	9246.81	
14.15	0.00	9263.12	
14.16	0.00	9279.43	
14.17	0.00	9295.76	
14.18	0.00	9312.11	
14.19	0.00	9328.46	
14.20	0.00	9344.83	
14.21	0.00	9361.21	
14.22	0.00	9377.60	
14.23	0.00	9394.01	
14.24	0.00	9410.43	
14.25	0.00	9426.86	
14.26	0.00	9443.30	
14.27	0.00	9459.76	
14.28	0.00	9476.23	
14.29	0.00	9492.71	
14.30	0.00	9509.20	
14.31	0.00	9525.71	
14.32	0.00	9542.23	
14.33	0.00	9558.76	
14.34	0.00	9575.31	
14.35	0.00	9591.86	
14.36	0.00	9608.43	
14.37	0.00	9625.02	
14.38	0.00	9641.61	
14.39	0.00	9658.22	
14.40	0.00	9674.84	
14.41	0.00	9691.47	
14.42	0.00	9708.12	
14.43	0.00	9724.78	
14.44	0.00	9741.45	
14.45	0.00	9758.13	
14.46	0.00	9774.82	
14.47	0.00	9791.53	
14.48	0.00	9808.25	
14.49	0.00	9824.99	
14.50	0.00	9841.73	
14.51	0.00	9858.49	
14.52	0.00	9875.26	
14.53	0.00	9892.05	
14.54	0.00	9908.84	
14.55	0.00	9925.65	
14.56	0.00	9942.47	
14.57	0.00	9959.31	
14.58	0.00	9976.15	
14.59	0.00	9993.01	
14.60	0.00	10009.88	
14.61	0.00	10026.77	
14.62	0.00	10043.66	
14.63	0.00	10060.57	
14.64	0.00	10077.49	
14.65	0.00	10094.43	
14.66	0.00	10111.37	
14.67	0.00	10128.33	
14.68	0.00	10145.30	
14.69	0.00	10162.29	
14.70	0.00	10179.29	
14.71	0.00	10196.29	
14.72	0.00	10213.32	
14.73	0.00	10230.35	
14.74	0.00	10247.40	
14.75	0.00	10264.46	
14.76	0.00	10281.53	
14.77	0.00	10298.61	
14.78	0.00	10315.71	
14.79	0.00	10332.82	
14.80	0.00	10349.94	
14.81	0.00	10367.07	
14.82	0.00	10384.22	
14.83	0.00	10401.38	
14.84	0.00	10418.55	
14.85	0.00	10435.74	
14.86	0.00	10452.93	
14.87	0.00	10470.14	
14.88	0.00	10487.36	
14.89	0.00	10504.60	
14.90	0.00	10521.84	
14.91	0.00	10539.10	
14.92	0.00	10556.37	
14.93	0.00	10573.66	
14.94	0.00	10590.95	
14.95	0.00	10608.26	
14.96	0.00	10625.58	
14.97	0.00	10642.92	
14.98	0.00	10660.26	
14.99	0.00	10677.62	
15.00	0.00	10694.99	
15.01	0.00	10712.37	
15.02	0.00	10729.77	
15.03	0.00	10747.18	
15.04	0.00	10764.60	
15.05	0.00	10782.03	
15.06	0.00	10799.48	
15.07	0.00	10816.94	
15.08	0.00	10834.41	
15.09	0.00	10851.89	
15.10	0.00	10869.38	
15.11	0.00	10886.89	
15.12	0.00	10904.41	
15.13	0.00	10921.94	
15.14	0.00	10939.49	
15.15	0.00	10957.05	
15.16	0.00	10974.62	
15.17	0.00	10992.20	
15.18	0.00	11009.79	
15.19	0.00	11027.40	
15.20	0.00	11045.02	
15.21	0.00	11062.65	
15.22	0.00	11080.29	
15.23	0.00	11097.95	
15.24	0.00	11115.62	
15.25	0.00	11133.30	
15.26	0.00	11150.99	
15.27	0.00	11168.70	
15.28	0.00	11186.42	
15.29	0.00	11204.15	
15.30	0.00	11221.89	
15.31	0.00	11239.65	
15.32	0.00	11257.41	
15.33	0.00	11275.19	
15.34	0.00	11292.99	
15.35	0.00	11310.79	
15.36	0.00	11328.61	
15.37	0.00	11346.44	
15.38	0.00	11364.28	
15.39	0.00	11382.13	
15.40	0.00	11400.00	*
15.41	0.00	11419.10	
15.42	0.00	11438.21	
15.43	0.00	11457.33	
15.44	0.00	11476.47	
15.45	0.00	11495.63	
15.46	0.00	11514.80	
15.47	0.00	11533.99	
15.48	0.00	11553.19	
15.49	0.00	11572.41	
15.50	0.00	11591.64	
15.51	0.00	11610.89	
15.52	0.00	11630.15	
15.53	0.00	11649.43	
15.54	0.00	11668.72	
15.55	0.00	11688.03	
15.56	0.00	11707.35	
15.57	0.00	11726.69	
15.58	0.00	11746.04	
15.59	0.00	11765.41	
15.60	0.00	11784.80	
15.61	0.00	11804.20	
15.62	0.00	11823.61	
15.63	0.00	11843.04	
15.64	0.00	11862.49	
15.65	0.00	11881.95	
15.66	0.00	11901.42	
15.67	0.00	11920.91	
15.68	0.00	11940.42	
15.69	0.00	11959.94	
15.70	0.00	11979.48	
15.71	0.00	11999.03	
15.72	0.00	12018.59	
15.73	0.00	12038.17	
15.74	0.00	12057.77	
15.75	0.00	12077.38	
15.76	0.00	12097.01	
15.77	0.00	12116.65	
15.78	0.00	12136.31	
15.79	0.00	12155.98	
15.80	0.00	12175.67	
15.81	0.00	12195.37	
15.82	0.00	12215.09	
15.83	0.00	12234.83	
15.84	0.00	12254.57	
15.85	0.00	12274.34	
15.86	0.00	12294.12	
15.87	0.00	12313.91	
15.88	0.00	12333.72	
15.89	0.00	12353.54	
15.90	0.00	12373.38	
15.91	0.00	12393.24	
15.92	0.00	12413.11	
15.93	0.00	12432.99	
15.94	0.00	12452.89	
15.95	0.00	12472.81	
15.96	0.00	12492.74	
15.97	0.00	12512.69	
15.98	0.00	12532.65	
15.99	0.00	12552.62	
16.00	0.00	12572.61	
16.01	0.00	12592.62	
16.02	0.00	12612.64	
16.03	0.00	12632.68	
16.04	0.00	12652.73	
16.05	0.00	12672.80	
16.06	0.00	12692.88	
16.07	0.00	12712.97	
16.08	0.00	12733.09	
16.09	0.00	12753.21	
16.10	0.00	12773.36	
16.11	0.00	12793.51	
16.12	0.00	12813.69	
16.13	0.00	12833.87	
16.14	0.00	12854.08	
16.15	0.00	12874.30	
16.16	0.00	12894.53	
16.17	0.00	12914.78	
16.18	0.00	12935.04	
16.19	0.00	12955.32	
16.20	0.00	12975.61	
16.21	0.00	12995.92	
16.22	0.00	13016.25	
16.23	0.00	13036.58	
16.24	0.00	13056.94	
16.25	0.00	13077.31	
16.26	0.00	13097.69	
16.27	0.00	13118.09	
16.28	0.00	13138.51	
16.29	0.00	13158.94	
16.30	0.00	13179.38	
16.31	0.00	13199.84	
16.32	0.00	13220.32	
16.33	0.00	13240.81	
16.34	0.00	13261.31	
16.35	0.00	13281.83	
16.36	0.00	13302.37	
16.37	0.00	13322.92	
16.38	0.00	13343.48	
16.39	0.00	13364.07	
16.40	0.00	13384.66	
16.41	0.00	13405.27	
16.42	0.00	13425.90	
16.43	0.00	13446.54	
16.44	0.00	13467.20	
16.45	0.00	13487.87	
16.46	0.00	13508.55	
16.47	0.00	13529.26	
16.48	0.00	13549.97	
16.49	0.00	13570.70	
16.50	0.00	13591.45	
16.51	0.00	13612.21	
16.52	0.00	13632.99	
16.53	0.00	13653.78	
16.54	0.00	13674.59	
16.55	0.00	13695.41	
16.56	0.00	13716.25	
16.57	0.00	13737.10	
16.58	0.00	13757.97	
16.59	0.00	13778.85	
16.60	0.00	13799.75	
16.61	0.00	13820.66	
16.62	0.00	13841.59	
16.63	0.00	13862.53	
16.64	0.00	13883.49	
16.65	0.00	13904.47	
16.66	0.00	13925.45	
16.67	0.00	13946.46	
16.68	0.00	13967.47	
16.69	0.00	13988.51	
16.70	0.00	14009.56	
16.71	0.00	14030.62	
16.72	0.00	14051.70	
16.73	0.00	14072.79	
16.74	0.00	14093.90	
16.75	0.00	14115.03	
16.76	0.00	14136.16	
16.77	0.00	14157.32	
16.78	0.00	14178.49	
16.79	0.00	14199.67	
16.80	0.00	14220.87	
16.81	0.00	14242.08	
16.82	0.00	14263.31	
16.83	0.00	14284.56	
16.84	0.00	14305.82	
16.85	0.00	14327.09	
16.86	0.00	14348.38	
16.87	0.00	14369.69	
16.88	0.00	14391.00	
16.89	0.00	14412.34	
16.90	0.00	14433.69	
16.91	0.00	14455.05	
16.92	0.00	14476.43	
16.93	0.00	14497.83	
16.94	0.00	14519.24	
16.95	0.00	14540.66	
16.96	0.00	14562.10	
16.97	0.00	14583.56	
16.98	0.00	14605.03	
16.99	0.00	14626.51	
17.00	0.00	14648.01	
17.01	0.00	14669.53	
17.02	0.00	14691.06	
17.03	0.00	14712.60	
17.04	0.00	14734.16	
17.05	0.00	14755.74	
17.06	0.00	14777.33	
17.07	0.00	14798.93	
17.08	0.00	14820.55	
17.09	0.00	14842.19	
17.10	0.00	14863.84	
17.11	0.00	14885.50	
17.12	0.00	14907.19	
17.13	0.00	14928.88	
17.14	0.00	14950.59	
17.15	0.00	14972.32	
17.16	0.00	14994.06	
17.17	0.00	15015.81	
17.18	0.00	15037.58	
17.19	0.00	15059.37	
17.20	0.00	15081.17	
17.21	0.00	15102.98	
17.22	0.00	15124.82	
17.23	0.00	15146.66	
17.24	0.00	15168.52	
17.25	0.00	15190.40	
17.26	0.00	15212.29	
17.27	0.00	15234.19	
17.28	0.00	15256.11	
17.29	0.00	15278.05	
17.30	0.00	15300.00	*
17.31	0.00	15322.45	
17.32	0.00	15344.91	
17.33	0.00	15367.39	
17.34	0.00	15389.89	
17.35	0.00	15412.40	
17.36	0.00	15434.93	
17.37	0.00	15457.48	
17.38	0.00	15480.04	
17.39	0.00	15502.62	
17.40	0.00	15525.21	
17.41	0.00	15547.82	
17.42	0.00	15570.44	
17.43	0.00	15593.08	
17.44	0.00	15615.74	
17.45	0.00	15638.41	
17.46	0.00	15661.10	
17.47	0.00	15683.81	
17.48	0.00	15706.53	
17.49	0.00	15729.27	
17.50	0.00	15752.02	
17.51	0.00	15774.79	
17.52	0.00	15797.58	
17.53	0.00	15820.38	
17.54	0.00	15843.19	
17.55	0.00	15866.03	
17.56	0.00	15888.88	
17.57	0.00	15911.74	
17.58	0.00	15934.62	
17.59	0.00	15957.52	
17.60	0.00	15980.44	
17.61	0.00	16003.37	
17.62	0.00	16026.31	
17.63	0.00	16049.27	
17.64	0.00	16072.25	
17.65	0.00	16095.24	
17.66	0.00	16118.25	
17.67	0.00	16141.28	
17.68	0.00	16164.32	
17.69	0.00	16187.38	
17.70	0.00	16210.45	
17.71	0.00	16233.54	
17.72	0.00	16256.65	
17.73	0.00	16279.77	
17.74	0.00	16302.91	
17.75	0.00	16326.06	
17.76	0.00	16349.23	
17.77	0.00	16372.42	
17.78	0.00	16395.62	
17.79	0.00	16418.84	
17.80	0.00	16442.07	
17.81	0.00	16465.32	
17.82	0.00	16488.59	
17.83	0.00	16511.87	
17.84	0.00	16535.17	
17.85	0.00	16558.48	
17.86	0.00	16581.81	
17.87	0.00	16605.16	
17.88	0.00	16628.52	
17.89	0.00	16651.90	
17.90	0.00	16675.29	
17.91	0.00	16698.70	
17.92	0.00	16722.13	
17.93	0.00	16745.57	
17.94	0.00	16769.03	
17.95	0.00	16792.50	
17.96	0.00	16815.99	
17.97	0.00	16839.50	
17.98	0.00	16863.02	
17.99	0.00	16886.56	
18.00	0.00	16910.11	
18.01	0.00	16933.68	
18.02	0.00	16957.27	
18.03	0.00	16980.87	
18.04	0.00	17004.49	
18.05	0.00	17028.13	
18.06	0.00	17051.78	
18.07	0.00	17075.44	
18.08	0.00	17099.12	
18.09	0.00	17122.82	
18.10	0.00	17146.54	
18.11	0.00	17170.27	
18.12	0.00	17194.01	
18.13	0.00	17217.77	
18.14	0.00	17241.55	
18.15	0.00	17265.35	
18.16	0.00	17289.16	
18.17	0.00	17312.98	
18.18	0.00	17336.82	
18.19	0.00	17360.68	
18.20	0.00	17384.56	
18.21	0.00	17408.45	
18.22	0.00	17432.35	
18.23	0.00	17456.27	
18.24	0.00	17480.21	
18.25	0.00	17504.17	
18.26	0.00	17528.14	
18.27	0.00	17552.12	
18.28	0.00	17576.12	
18.29	0.00	17600.14	
18.30	0.00	17624.18	
18.31	0.00	17648.23	
18.32	0.00	17672.29	
18.33	0.00	17696.37	
18.34	0.00	17720.47	
18.35	0.00	17744.59	
18.36	0.00	17768.72	
18.37	0.00	17792.86	
18.38	0.00	17817.02	
18.39	0.00	17841.20	
18.40	0.00	17865.39	
18.41	0.00	17889.60	
18.42	0.00	17913.83	
18.43	0.00	17938.07	
18.44	0.00	17962.33	
18.45	0.00	17986.60	
18.46	0.00	18010.89	
18.47	0.00	18035.20	
18.48	0.00	18059.52	
18.49	0.00	18083.86	
18.50	0.00	18108.21	
18.51	0.00	18132.58	
18.52	0.00	18156.97	
18.53	0.00	18181.37	
18.54	0.00	18205.78	
18.55	0.00	18230.22	
18.56	0.00	18254.67	
18.57	0.00	18279.13	
18.58	0.00	18303.61	
18.59	0.00	18328.11	
18.60	0.00	18352.62	
18.61	0.00	18377.15	
18.62	0.00	18401.70	
18.63	0.00	18426.26	
18.64	0.00	18450.84	
18.65	0.00	18475.43	
18.66	0.00	18500.04	
18.67	0.00	18524.66	
18.68	0.00	18549.30	
18.69	0.00	18573.96	
18.70	0.00	18598.63	
18.71	0.00	18623.32	
18.72	0.00	18648.03	
18.73	0.00	18672.75	
18.74	0.00	18697.49	
18.75	0.00	18722.24	
18.76	0.00	18747.01	
18.77	0.00	18771.79	
18.78	0.00	18796.59	
18.79	0.00	18821.41	
18.80	0.00	18846.24	
18.81	0.00	18871.09	
18.82	0.00	18895.95	
18.83	0.00	18920.83	
18.84	0.00	18945.73	
18.85	0.00	18970.64	
18.86	0.00	18995.57	
18.87	0.00	19020.51	
18.88	0.00	19045.47	
18.89	0.00	19070.45	
18.90	0.00	19095.44	
18.91	0.00	19120.45	
18.92	0.00	19145.47	
18.93	0.00	19170.51	
18.94	0.00	19195.57	
18.95	0.00	19220.64	
18.96	0.00	19245.73	
18.97	0.00	19270.83	
18.98	0.00	19295.95	
18.99	0.00	19321.09	
19.00	0.00	19346.24	
19.01	0.00	19371.41	
19.02	0.00	19396.59	
19.03	0.00	19421.79	
19.04	0.00	19447.01	
19.05	0.00	19472.24	
19.06	0.00	19497.48	
19.07	0.00	19522.75	
19.08	0.00	19548.03	
19.09	0.00	19573.32	
19.10	0.00	19598.63	
19.11	0.00	19623.96	
19.12	0.00	19649.30	
19.13	0.00	19674.66	
19.14	0.00	19700.04	
19.15	0.00	19725.43	
19.16	0.00	19750.83	
19.17	0.00	19776.25	
19.18	0.00	19801.69	
19.19	0.00	19827.15	
19.20	0.00	19852.62	
19.21	0.00	19878.10	
19.22	0.00	19903.61	
19.23	0.00	19929.12	
19.24	0.00	19954.66	
19.25	0.00	19980.21	
19.26	0.00	20005.77	
19.27	0.00	20031.36	
19.28	0.00	20056.95	
19.29	0.00	20082.57	
19.30	0.00	20108.20	
19.31	0.00	20133.84	
19.32	0.00	20159.50	
19.33	0.00	20185.18	
19.34	0.00	20210.88	
19.35	0.00	20236.58	
19.36	0.00	20262.31	
19.37	0.00	20288.05	
19.38	0.00	20313.81	
19.39	0.00	20339.58	
19.40	0.00	20365.37	
19.41	0.00	20391.18	
19.42	0.00	20417.00	
19.43	0.00	20442.83	
19.44	0.00	20468.69	
19.45	0.00	20494.55	
19.46	0.00	20520.44	
19.47	0.00	20546.34	
19.48	0.00	20572.26	
19.49	0.00	20598.19	
19.50	0.00	20624.14	
19.51	0.00	20650.10	
19.52	0.00	20676.08	
19.53	0.00	20702.08	
19.54	0.00	20728.09	
19.55	0.00	20754.12	
19.56	0.00	20780.16	
19.57	0.00	20806.22	
19.58	0.00	20832.29	
19.59	0.00	20858.39	
19.60	0.00	20884.49	
19.61	0.00	20910.62	
19.62	0.00	20936.76	
19.63	0.00	20962.91	
19.64	0.00	20989.08	
19.65	0.00	21015.27	
19.66	0.00	21041.47	
19.67	0.00	21067.69	
19.68	0.00	21093.92	
19.69	0.00	21120.18	
19.70	0.00	21146.44	
19.71	0.00	21172.72	
19.72	0.00	21199.02	
19.73	0.00	21225.34	
19.74	0.00	21251.67	
19.75	0.00	21278.01	
19.76	0.00	21304.37	
19.77	0.00	21330.75	
19.78	0.00	21357.15	
19.79	0.00	21383.56	
19.80	0.00	21409.98	
19.81	0.00	21436.42	
19.82	0.00	21462.88	
19.83	0.00	21489.35	
19.84	0.00	21515.84	
19.85	0.00	21542.35	
19.86	0.00	21568.87	
19.87	0.00	21595.41	
19.88	0.00	21621.96	
19.89	0.00	21648.53	
19.90	0.00	21675.11	
19.91	0.00	21701.71	
19.92	0.00	21728.33	
19.93	0.00	21754.96	
19.94	0.00	21781.61	
19.95	0.00	21808.27	
19.96	0.00	21834.95	
19.97	0.00	21861.65	
19.98	0.00	21888.36	
19.99	0.00	21915.09	
20.00	0.00	21941.83	
20.01	0.00	21968.59	
20.02	0.00	21995.37	
20.03	0.00	22022.16	
20.04	0.00	22048.97	
20.05	0.00	22075.79	
20.06	0.00	22102.63	
20.07	0.00	22129.48	
20.08	0.00	22156.35	
20.09	0.00	22183.24	
20.10	0.00	22210.14	
20.11	0.00	22237.06	
20.12	0.00	22264.00	
20.13	0.00	22290.95	
20.14	0.00	22317.91	
20.15	0.00	22344.89	
20.16	0.00	22371.89	
20.17	0.00	22398.91	
20.18	0.00	22425.94	
20.19	0.00	22452.98	
20.20	0.00	22480.04	
20.21	0.00	22507.12	
20.22	0.00	22534.21	
20.23	0.00	22561.32	
20.24	0.00	22588.45	
20.25	0.00	22615.59	
20.26	0.00	22642.74	
20.27	0.00	22669.92	
20.28	0.00	22697.11	
20.29	0.00	22724.31	
20.30	0.00	22751.53	
20.31	0.00	22778.77	
20.32	0.00	22806.02	
20.33	0.00	22833.29	
20.34	0.00	22860.57	
20.35	0.00	22887.87	
20.36	0.00	22915.19	
20.37	0.00	22942.52	
20.38	0.00	22969.86	
20.39	0.00	22997.23	
20.40	0.00	23024.61	
20.41	0.00	23052.00	
20.42	0.00	23079.41	
20.43	0.00	23106.84	
20.44	0.00	23134.28	
20.45	0.00	23161.74	
20.46	0.00	23189.21	
20.47	0.00	23216.70	
20.48	0.00	23244.21	
20.49	0.00	23271.73	
20.50	0.00	23299.27	
20.51	0.00	23326.82	
20.52	0.00	23354.39	
20.53	0.00	23381.98	
20.54	0.00	23409.58	
20.55	0.00	23437.20	
20.56	0.00	23464.83	
20.57	0.00	23492.48	
20.58	0.00	23520.14	
20.59	0.00	23547.83	
20.60	0.00	23575.52	
20.61	0.00	23603.23	
20.62	0.00	23630.96	
20.63	0.00	23658.71	
20.64	0.00	23686.47	
20.65	0.00	23714.24	
20.66	0.00	23742.03	
20.67	0.00	23769.84	
20.68	0.00	23797.66	
20.69	0.00	23825.50	
20.70	0.00	23853.36	
20.71	0.00	23881.23	
20.72	0.00	23909.12	
20.73	0.00	23937.02	
20.74	0.00	23964.94	
20.75	0.00	23992.87	
20.76	0.00	24020.82	
20.77	0.00	24048.79	
20.78	0.00	24076.77	
20.79	0.00	24104.77	
20.80	0.00	24132.78	
20.81	0.00	24160.81	
20.82	0.00	24188.86	
20.83	0.00	24216.92	
20.84	0.00	24245.00	
20.85	0.00	24273.09	
20.86	0.00	24301.20	
20.87	0.00	24329.32	
20.88	0.00	24357.46	
20.89	0.00	24385.62	
20.90	0.00	24413.79	
20.91	0.00	24441.98	
20.92	0.00	24470.18	
20.93	0.00	24498.40	
20.94	0.00	24526.64	
20.95	0.00	24554.89	
20.96	0.00	24583.16	
20.97	0.00	24611.44	
20.98	0.00	24639.74	
20.99	0.00	24668.06	
21.00	0.00	24696.39	
21.01	0.00	24724.73	
21.02	0.00	24753.10	
21.03	0.00	24781.48	
21.04	0.00	24809.87	
21.05	0.00	24838.28	
21.06	0.00	24866.71	
21.07	0.00	24895.15	
21.08	0.00	24923.60	
21.09	0.00	24952.08	
21.10	0.00	24980.57	
21.11	0.00	25009.07	
21.12	0.00	25037.59	
21.13	0.00	25066.13	
21.14	0.00	25094.68	
21.15	0.00	25123.25	
21.16	0.00	25151.84	
21.17	0.00	25180.44	
21.18	0.00	25209.05	
21.19	0.00	25237.68	
21.20	0.00	25266.33	
21.21	0.00	25295.00	
21.22	0.00	25323.67	
21.23	0.00	25352.37	
21.24	0.00	25381.08	
21.25	0.00	25409.81	
21.26	0.00	25438.55	
21.27	0.00	25467.31	
21.28	0.00	25496.08	
21.29	0.00	25524.87	
21.30	0.00	25553.68	
21.31	0.00	25582.50	
21.32	0.00	25611.34	
21.33	0.00	25640.19	
21.34	0.00	25669.06	
21.35	0.00	25697.95	
21.36	0.00	25726.85	
21.37	0.00	25755.77	
21.38	0.00	25784.70	
21.39	0.00	25813.65	
21.40	0.00	25842.61	
21.41	0.00	25871.59	
21.42	0.00	25900.59	
21.43	0.00	25929.60	
21.44	0.00	25958.63	
21.45	0.00	25987.67	
21.46	0.00	26016.73	
21.47	0.00	26045.81	
21.48	0.00	26074.90	
21.49	0.00	26104.00	
21.50	0.00	26133.13	
21.51	0.00	26162.26	
21.52	0.00	26191.42	
21.53	0.00	26220.59	
21.54	0.00	26249.77	
21.55	0.00	26278.98	
21.56	0.00	26308.19	
21.57	0.00	26337.43	
21.58	0.00	26366.68	
21.59	0.00	26395.94	
21.60	0.00	26425.22	
21.61	0.00	26454.52	
21.62	0.00	26483.83	
21.63	0.00	26513.16	
21.64	0.00	26542.51	
21.65	0.00	26571.87	
21.66	0.00	26601.24	
21.67	0.00	26630.63	
21.68	0.00	26660.04	
21.69	0.00	26689.46	
21.70	0.00	26718.90	
21.71	0.00	26748.36	
21.72	0.00	26777.83	
21.73	0.00	26807.31	
21.74	0.00	26836.82	
21.75	0.00	26866.34	
21.76	0.00	26895.87	
21.77	0.00	26925.42	
21.78	0.00	26954.98	
21.79	0.00	26984.57	
21.80	0.00	27014.16	
21.81	0.00	27043.78	
21.82	0.00	27073.41	
21.83	0.00	27103.05	
21.84	0.00	27132.71	
21.85	0.00	27162.39	
21.86	0.00	27192.08	
21.87	0.00	27221.79	
21.88	0.00	27251.51	
21.89	0.00	27281.25	
21.90	0.00	27311.01	
21.91	0.00	27340.78	
21.92	0.00	27370.56	
21.93	0.00	27400.37	
21.94	0.00	27430.19	
21.95	0.00	27460.02	
21.96	0.00	27489.87	
21.97	0.00	27519.74	
21.98	0.00	27549.62	
21.99	0.00	27579.52	
22.00	0.00	27609.43	
22.01	0.00	27639.36	
22.02	0.00	27669.30	
22.03	0.00	27699.26	
22.04	0.00	27729.24	
22.05	0.00	27759.23	
22.06	0.00	27789.24	
22.07	0.00	27819.27	
22.08	0.00	27849.31	
22.09	0.00	27879.36	
22.10	0.00	27909.43	
22.11	0.00	27939.52	
22.12	0.00	27969.62	
22.13	0.00	27999.74	
22.14	0.00	28029.88	
22.15	0.00	28060.03	
22.16	0.00	28090.19	
22.17	0.00	28120.37	
22.18	0.00	28150.57	
22.19	0.00	28180.79	
22.20	0.00	28211.02	
22.21	0.00	28241.26	
22.22	0.00	28271.52	
22.23	0.00	28301.80	
22.24	0.00	28332.09	
22.25	0.00	28362.40	
22.26	0.00	28392.72	
22.27	0.00	28423.06	
22.28	0.00	28453.42	
22.29	0.00	28483.79	
22.30	0.00	28514.18	
22.31	0.00	28544.58	
22.32	0.00	28575.00	
22.33	0.00	28605.44	
22.34	0.00	28635.89	
22.35	0.00	28666.35	
22.36	0.00	28696.83	
22.37	0.00	28727.33	
22.38	0.00	28757.85	
22.39	0.00	28788.38	
22.40	0.00	28818.92	
22.41	0.00	28849.48	
22.42	0.00	28880.06	
22.43	0.00	28910.65	
22.44	0.00	28941.26	
22.45	0.00	28971.88	
22.46	0.00	29002.52	
22.47	0.00	29033.18	
22.48	0.00	29063.85	
22.49	0.00	29094.54	
22.50	0.00	29125.24	
22.51	0.00	29155.96	
22.52	0.00	29186.70	
22.53	0.00	29217.45	
22.54	0.00	29248.21	
22.55	0.00	29278.99	
22.56	0.00	29309.79	
22.57	0.00	29340.61	
22.58	0.00	29371.43	
22.59	0.00	29402.28	
22.60	0.00	29433.14	
22.61	0.00	29464.02	
22.62	0.00	29494.91	
22.63	0.00	29525.82	
22.64	0.00	29556.74	
22.65	0.00	29587.68	
22.66	0.00	29618.64	
22.67	0.00	29649.61	
22.68	0.00	29680.60	
22.69	0.00	29711.60	
22.70	0.00	29742.62	
22.71	0.00	29773.65	
22.72	0.00	29804.70	
22.73	0.00	29835.77	
22.74	0.00	29866.85	
22.75	0.00	29897.95	
22.76	0.00	29929.06	
22.77	0.00	29960.19	
22.78	0.00	29991.33	
22.79	0.00	30022.50	
22.80	0.00	30053.67	
22.81	0.00	30084.86	
22.82	0.00	30116.07	
22.83	0.00	30147.30	
22.84	0.00	30178.54	
22.85	0.00	30209.79	
22.86	0.00	30241.06	
22.87	0.00	30272.35	
22.88	0.00	30303.65	
22.89	0.00	30334.97	
22.90	0.00	30366.30	
22.91	0.00	30397.65	
22.92	0.00	30429.02	
22.93	0.00	30460.40	
22.94	0.00	30491.80	
22.95	0.00	30523.21	
22.96	0.00	30554.64	
22.97	0.00	30586.08	
22.98	0.00	30617.54	
22.99	0.00	30649.02	
23.00	0.00	30680.51	
23.01	0.00	30712.02	
23.02	0.00	30743.54	
23.03	0.00	30775.08	
23.04	0.00	30806.64	
23.05	0.00	30838.21	
23.06	0.00	30869.79	
23.07	0.00	30901.39	
23.08	0.00	30933.01	
23.09	0.00	30964.65	
23.10	0.00	30996.30	
23.11	0.00	31027.96	
23.12	0.00	31059.64	
23.13	0.00	31091.34	
23.14	0.00	31123.05	
23.15	0.00	31154.78	
23.16	0.00	31186.52	
23.17	0.00	31218.28	
23.18	0.00	31250.06	
23.19	0.00	31281.85	
23.20	0.00	31313.65	
23.21	0.00	31345.48	
23.22	0.00	31377.32	
23.23	0.00	31409.17	
23.24	0.00	31441.04	
23.25	0.00	31472.93	
23.26	0.00	31504.83	
23.27	0.00	31536.74	
23.28	0.00	31568.68	
23.29	0.00	31600.63	
23.30	0.00	31632.59	
23.31	0.00	31664.57	
23.32	0.00	31696.57	
23.33	0.00	31728.58	
23.34	0.00	31760.61	
23.35	0.00	31792.65	
23.36	0.00	31824.71	
23.37	0.00	31856.78	
23.38	0.00	31888.87	
23.39	0.00	31920.98	
23.40	0.00	31953.10	
23.41	0.00	31985.24	
23.42	0.00	32017.39	
23.43	0.00	32049.56	
23.44	0.00	32081.75	
23.45	0.00	32113.95	
23.46	0.00	32146.16	
23.47	0.00	32178.39	
23.48	0.00	32210.64	
23.49	0.00	32242.91	
23.50	0.00	32275.19	
23.51	0.00	32307.48	
23.52	0.00	32339.79	
23.53	0.00	32372.12	
23.54	0.00	32404.46	
23.55	0.00	32436.82	
23.56	0.00	32469.19	
23.57	0.00	32501.58	
23.58	0.00	32533.99	
23.59	0.00	32566.41	
23.60	0.00	32598.84	
23.61	0.00	32631.30	
23.62	0.00	32663.76	
23.63	0.00	32696.25	
23.64	0.00	32728.75	
23.65	0.00	32761.26	
23.66	0.00	32793.79	
23.67	0.00	32826.34	
23.68	0.00	32858.90	
23.69	0.00	32891.48	
23.70	0.00	32924.08	
23.71	0.00	32956.69	
23.72	0.00	32989.31	
23.73	0.00	33021.95	
23.74	0.00	33054.61	
23.75	0.00	33087.28	
23.76	0.00	33119.97	
23.77	0.00	33152.68	
23.78	0.00	33185.40	
23.79	0.00	33218.13	
23.80	0.00	33250.88	
23.81	0.00	33283.65	
23.82	0.00	33316.43	
23.83	0.00	33349.23	
23.84	0.00	33382.05	
23.85	0.00	33414.88	
23.86	0.00	33447.72	
23.87	0.00	33480.58	
23.88	0.00	33513.46	
23.89	0.00	33546.35	
23.90	0.00	33579.26	
23.91	0.00	33612.19	
23.92	0.00	33645.13	
23.93	0.00	33678.08	
23.94	0.00	33711.05	
23.95	0.00	33744.04	
23.96	0.00	33777.04	
23.97	0.00	33810.06	
23.98	0.00	33843.10	
23.99	0.00	33876.15	
24.00	0.00	33909.21	
24.01	0.00	33942.29	
24.02	0.00	33975.39	
24.03	0.00	34008.51	
24.04	0.00	34041.63	
24.05	0.00	34074.78	
24.06	0.00	34107.94	
24.07	0.00	34141.11	
24.08	0.00	34174.31	
24.09	0.00	34207.51	
24.10	0.00	34240.74	
24.11	0.00	34273.98	
24.12	0.00	34307.23	
24.13	0.00	34340.50	
24.14	0.00	34373.79	
24.15	0.00	34407.09	
24.16	0.00	34440.41	
24.17	0.00	34473.74	
24.18	0.00	34507.09	
24.19	0.00	34540.45	
24.20	0.00	34573.83	
24.21	0.00	34607.23	
24.22	0.00	34640.64	
24.23	0.00	34674.07	
24.24	0.00	34707.51	
24.25	0.00	34740.97	
24.26	0.00	34774.44	
24.27	0.00	34807.93	
24.28	0.00	34841.44	
24.29	0.00	34874.96	
24.30	0.00	34908.50	
24.31	0.00	34942.05	
24.32	0.00	34975.62	
24.33	0.00	35009.21	
24.34	0.00	35042.81	
24.35	0.00	35076.42	
24.36	0.00	35110.05	
24.37	0.00	35143.70	
24.38	0.00	35177.36	
24.39	0.00	35211.04	
24.40	0.00	35244.74	
24.41	0.00	35278.45	
24.42	0.00	35312.17	
24.43	0.00	35345.92	
24.44	0.00	35379.67	
24.45	0.00	35413.45	
24.46	0.00	35447.23	
24.47	0.00	35481.04	
24.48	0.00	35514.86	
24.49	0.00	35548.70	
24.50	0.00	35582.55	
24.51	0.00	35616.41	
24.52	0.00	35650.30	
24.53	0.00	35684.20	
24.54	0.00	35718.11	
24.55	0.00	35752.04	
24.56	0.00	35785.99	
24.57	0.00	35819.95	
24.58	0.00	35853.92	
24.59	0.00	35887.92	
24.60	0.00	35921.93	
24.61	0.00	35955.95	
24.62	0.00	35989.99	
24.63	0.00	36024.05	
24.64	0.00	36058.12	
24.65	0.00	36092.20	
24.66	0.00	36126.31	
24.67	0.00	36160.43	
24.68	0.00	36194.56	
24.69	0.00	36228.71	
24.70	0.00	36262.87	
24.71	0.00	36297.06	
24.72	0.00	36331.25	
24.73	0.00	36365.47	
24.74	0.00	36399.69	
24.75	0.00	36433.94	
24.76	0.00	36468.20	
24.77	0.00	36502.47	
24.78	0.00	36536.76	
24.79	0.00	36571.07	
24.80	0.00	36605.39	
24.81	0.00	36639.73	
24.82	0.00	36674.09	
24.83	0.00	36708.45	
24.84	0.00	36742.84	
24.85	0.00	36777.24	
24.86	0.00	36811.66	
24.87	0.00	36846.09	
24.88	0.00	36880.54	
24.89	0.00	36915.00	
24.90	0.00	36949.48	
24.91	0.00	36983.98	
24.92	0.00	37018.49	
24.93	0.00	37053.01	
24.94	0.00	37087.56	
24.95	0.00	37122.11	
24.96	0.00	37156.69	
24.97	0.00	37191.28	
24.98	0.00	37225.88	
24.99	0.00	37260.50	
25.00	0.00	37295.14	
25.01	0.00	37329.79	
25.02	0.00	37364.46	
25.03	0.00	37399.14	
25.04	0.00	37433.84	
25.05	0.00	37468.55	
25.06	0.00	37503.28	
25.07	0.00	37538.03	
25.08	0.00	37572.79	
25.09	0.00	37607.57	
25.10	0.00	37642.36	
25.11	0.00	37677.17	
25.12	0.00	37712.00	
25.13	0.00	37746.84	
25.14	0.00	37781.69	
25.15	0.00	37816.56	
25.16	0.00	37851.45	
25.17	0.00	37886.35	
25.18	0.00	37921.27	
25.19	0.00	37956.21	
25.20	0.00	37991.16	
25.21	0.00	38026.12	
25.22	0.00	38061.10	
25.23	0.00	38096.10	
25.24	0.00	38131.11	
25.25	0.00	38166.14	
25.26	0.00	38201.18	
25.27	0.00	38236.24	
25.28	0.00	38271.32	
25.29	0.00	38306.41	
25.30	0.00	38341.52	
25.31	0.00	38376.64	
25.32	0.00	38411.78	
25.33	0.00	38446.93	
25.34	0.00	38482.10	
25.35	0.00	38517.28	
25.36	0.00	38552.49	
25.37	0.00	38587.70	
25.38	0.00	38622.93	
25.39	0.00	38658.18	
25.40	0.00	38693.44	
25.41	0.00	38728.72	
25.42	0.00	38764.02	
25.43	0.00	38799.33	
25.44	0.00	38834.65	
25.45	0.00	38870.00	
25.46	0.00	38905.35	
25.47	0.00	38940.73	
25.48	0.00	38976.11	
25.49	0.00	39011.52	
25.50	0.00	39046.94	
25.51	0.00	39082.37	
25.52	0.00	39117.83	
25.53	0.00	39153.29	
25.54	0.00	39188.78	
25.55	0.00	39224.27	
25.56	0.00	39259.79	
25.57	0.00	39295.32	
25.58	0.00	39330.86	
25.59	0.00	39366.42	
25.60	0.00	39402.00	
25.61	0.00	39437.59	
25.62	0.00	39473.20	
25.63	0.00	39508.82	
25.64	0.00	39544.46	
25.65	0.00	39580.12	
25.66	0.00	39615.79	
25.67	0.00	39651.48	
25.68	0.00	39687.18	
25.69	0.00	39722.90	
25.70	0.00	39758.63	
25.71	0.00	39794.38	
25.72	0.00	39830.14	
25.73	0.00	39865.92	
25.74	0.00	39901.72	
25.75	0.00	39937.53	
25.76	0.00	39973.36	
25.77	0.00	40009.20	
25.78	0.00	40045.06	
25.79	0.00	40080.93	
25.80	0.00	40116.82	
25.81	0.00	40152.73	
25.82	0.00	40188.65	
25.83	0.00	40224.59	
25.84	0.00	40260.54	
25.85	0.00	40296.51	
25.86	0.00	40332.49	
25.87	0.00	40368.49	
25.88	0.00	40404.50	
25.89	0.00	40440.54	
25.90	0.00	40476.58	
25.91	0.00	40512.64	
25.92	0.00	40548.72	
25.93	0.00	40584.81	
25.94	0.00	40620.92	
25.95	0.00	40657.05	
25.96	0.00	40693.19	
25.97	0.00	40729.34	
25.98	0.00	40765.52	
25.99	0.00	40801.70	
26.00	0.00	40837.91	
26.01	0.00	40874.12	
26.02	0.00	40910.36	
26.03	0.00	40946.61	
26.04	0.00	40982.87	
26.05	0.00	41019.16	
26.06	0.00	41055.45	
26.07	0.00	41091.76	
26.08	0.00	41128.09	
26.09	0.00	41164.44	
26.10	0.00	41200.80	
26.11	0.00	41237.17	
26.12	0.00	41273.56	
26.13	0.00	41309.97	
26.14	0.00	41346.39	
26.15	0.00	41382.83	
26.16	0.00	41419.28	
26.17	0.00	41455.75	
26.18	0.00	41492.23	
26.19	0.00	41528.73	
26.20	0.00	41565.25	
26.21	0.00	41601.78	
26.22	0.00	41638.33	
26.23	0.00	41674.89	
26.24	0.00	41711.47	
26.25	0.00	41748.06	
26.26	0.00	41784.67	
26.27	0.00	41821.30	
26.28	0.00	41857.94	
26.29	0.00	41894.60	
26.30	0.00	41931.27	
26.31	0.00	41967.96	
26.32	0.00	42004.66	
26.33	0.00	42041.38	
26.34	0.00	42078.11	
26.35	0.00	42114.86	
26.36	0.00	42151.63	
26.37	0.00	42188.41	
26.38	0.00	42225.21	
26.39	0.00	42262.02	
26.40	0.00	42298.85	
26.41	0.00	42335.69	
26.42	0.00	42372.55	
26.43	0.00	42409.43	
26.44	0.00	42446.32	
26.45	0.00	42483.23	
26.46	0.00	42520.15	
26.47	0.00	42557.09	
26.48	0.00	42594.04	
26.49	0.00	42631.01	
26.50	0.00	42667.99	
26.51	0.00	42704.99	
26.52	0.00	42742.01	
26.53	0.00	42779.04	
26.54	0.00	42816.09	
26.55	0.00	42853.15	
26.56	0.00	42890.23	
26.57	0.00	42927.33	
26.58	0.00	42964.44	
26.59	0.00	43001.56	
26.60	0.00	43038.70	
26.61	0.00	43075.86	
26.62	0.00	43113.03	
26.63	0.00	43150.22	
26.64	0.00	43187.42	
26.65	0.00	43224.64	
26.66	0.00	43261.88	
26.67	0.00	43299.13	
26.68	0.00	43336.39	
26.69	0.00	43373.68	
26.70	0.00	43410.97	
26.71	0.00	43448.29	
26.72	0.00	43485.62	
26.73	0.00	43522.96	
26.74	0.00	43560.32	
26.75	0.00	43597.70	
26.76	0.00	43635.09	
26.77	0.00	43672.49	
26.78	0.00	43709.92	
26.79	0.00	43747.35	
26.80	0.00	43784.81	
26.81	0.00	43822.28	
26.82	0.00	43859.76	
26.83	0.00	43897.26	
26.84	0.00	43934.78	
26.85	0.00	43972.31	
26.86	0.00	44009.86	
26.87	0.00	44047.42	
26.88	0.00	44085.00	
26.89	0.00	44122.59	
26.90	0.00	44160.20	
26.91	0.00	44197.83	
26.92	0.00	44235.47	
26.93	0.00	44273.13	
26.94	0.00	44310.80	
26.95	0.00	44348.49	
26.96	0.00	44386.19	
26.97	0.00	44423.91	
26.98	0.00	44461.64	
26.99	0.00	44499.39	
27.00	0.00	44537.16	
27.01	0.00	44574.94	
27.02	0.00	44612.74	
27.03	0.00	44650.55	
27.04	0.00	44688.38	
27.05	0.00	44726.22	
27.06	0.00	44764.08	
27.07	0.00	44801.96	
27.08	0.00	44839.85	
27.09	0.00	44877.76	
27.10	0.00	44915.68	
27.11	0.00	44953.62	
27.12	0.00	44991.57	
27.13	0.00	45029.54	
27.14	0.00	45067.52	
27.15	0.00	45105.52	
27.16	0.00	45143.54	
27.17	0.00	45181.57	
27.18	0.00	45219.62	
27.19	0.00	45257.68	
27.20	0.00	45295.76	
27.21	0.00	45333.85	
27.22	0.00	45371.96	
27.23	0.00	45410.09	
27.24	0.00	45448.23	
27.25	0.00	45486.38	
27.26	0.00	45524.56	
27.27	0.00	45562.74	
27.28	0.00	45600.95	
27.29	0.00	45639.17	
27.30	0.00	45677.40	
27.31	0.00	45715.65	
27.32	0.00	45753.91	
27.33	0.00	45792.20	
27.34	0.00	45830.49	
27.35	0.00	45868.80	
27.36	0.00	45907.13	
27.37	0.00	45945.48	
27.38	0.00	45983.84	
27.39	0.00	46022.21	
27.40	0.00	46060.60	
27.41	0.00	46099.01	
27.42	0.00	46137.43	
27.43	0.00	46175.86	
27.44	0.00	46214.32	
27.45	0.00	46252.79	
27.46	0.00	46291.27	
27.47	0.00	46329.77	
27.48	0.00	46368.28	
27.49	0.00	46406.82	
27.50	0.00	46445.36	
27.51	0.00	46483.92	
27.52	0.00	46522.50	
27.53	0.00	46561.09	
27.54	0.00	46599.70	
27.55	0.00	46638.33	
27.56	0.00	46676.97	
27.57	0.00	46715.62	
27.58	0.00	46754.29	
27.59	0.00	46792.98	
27.60	0.00	46831.68	
27.61	0.00	46870.40	
27.62	0.00	46909.13	
27.63	0.00	46947.88	
27.64	0.00	46986.65	
27.65	0.00	47025.43	
27.66	0.00	47064.22	
27.67	0.00	47103.03	
27.68	0.00	47141.86	
27.69	0.00	47180.70	
27.70	0.00	47219.56	
27.71	0.00	47258.44	
27.72	0.00	47297.33	
27.73	0.00	47336.23	
27.74	0.00	47375.15	
27.75	0.00	47414.09	
27.76	0.00	47453.04	
27.77	0.00	47492.01	
27.78	0.00	47530.99	
27.79	0.00	47569.99	
27.80	0.00	47609.00	
27.81	0.00	47648.03	
27.82	0.00	47687.08	
27.83	0.00	47726.14	
27.84	0.00	47765.21	
27.85	0.00	47804.31	
27.86	0.00	47843.41	
27.87	0.00	47882.54	
27.88	0.00	47921.68	
27.89	0.00	47960.83	
27.90	0.00	48000.00	*